[
            497.73613803135834, 
            317.91029675317765, 
            0.0
        ], 
        [
            510.2470960112088, 
            324.48787113785403, 
            0.0
        ], 
        [
            521.8617577164008, 
            321.2317553809775, 
            0.0
        ], 
        [
            528.5770448690532, 
            313.07347113660904, 
            0.0
        ], 
        [
            515.4663392057932, 
            305.72081699453884, 
            0.0
        ], 
        [
            508.02818968332423, 
            306.5283157048224, 
            0.0
        ], 
        [
            500.528143240757, 
            311.412478664728, 
            0.0
        ], 
        [
            502.0076817023122, 
            322.84387846507906, 
            0.0
        ], 
        [
            522.0573401186341, 
            306.54242331975433, 
            0.0
        ], 
        [
            513.152166764934, 
            322.18151545124795, 
            30.0
        ], 
        [
            497.1759827831927, 
            319.1434674658884, 
            30.0
        ], 
        [
            501.1292792544087, 
            306.76145283226003, 
            30.0
        ], 
        [
            518.4427200438639, 
            306.60943016906094, 
            30.0
        ], 
        [
            494.0619885143889, 
            311.4128716484139, 
            30.0
        ], 
        [
            511.211561599795, 
            306.2554535573938, 
            30.0
        ], 
        [
            527.1241526644892, 
            306.89138751180144, 
            30.0
        ], 
        [
            519.5729868591507, 
            319.47113800884273, 
            30.0
        ], 
        [
            505.92493742484334, 
            322.57815452705995, 
            30.0
        ], 
        [
            529.5465027226332, 
            314.66672337707143, 
            30.0
        ], 
        [
            526.8652732131359, 
            321.2670835018689, 
            30.0
        ], 
        [
            523.633883168369, 
            313.9296908163114, 
            60.0
        ], 
        [
            517.3573396820865, 
            321.97344941634367, 
            60.0
        ], 
        [
            508.39539770686446, 
            330.0309571371218, 
            60.0
        ], 
        [
            497.70504230660987, 
            315.8201124851081, 
            60.0
        ], 
        [
            503.98004627842, 
            308.6711518487102, 
            60.0
        ], 
        [
            509.3508566959134, 
            305.0878059802865, 
            60.0
        ], 
        [
            517.3943891372235, 
            305.05292064553316, 
            60.0
        ], 
        [
            495.881725213894, 
            328.2989594245055, 
            60.0
        ], 
        [
            494.10947312094504, 
            322.960230013735, 
            60.0
        ], 
        [
            501.23889959370035, 
            330.95114035160356, 
            60.0
        ], 
        [
            523.6462674751521, 
            307.69641570001284, 
            60.0
        ], 
        [
            545.1031401883072, 
            294.78249009936474, 
            90.0
        ], 
        [
            542.4549760882146, 
            307.8818017914061, 
            90.0
        ], 
        [
            531.9191182935147, 
            316.65756636902034, 
            90.0
        ], 
        [
            517.0178390215683, 
            315.84748766014343, 
            90.0
        ], 
        [
            503.8894777595504, 
            309.79405811554386, 
            90.0
        ], 
        [
            509.1679984278156, 
            301.047740269805, 
            90.0
        ], 
        [
            522.3100547263292, 
            300.11736713793266, 
            90.0
        ], 
        [
            531.9611481579426, 
            293.09775180505324, 
            90.0
        ], 
        [
            530.7773993569047, 
            324.322031655905, 
            120.0
        ], 
        [
            522.60935455689, 
            315.6525102359211, 
            120.0
        ], 
        [
            512.7308977756315, 
            308.54969079384495, 
            120.0
        ], 
        [
            504.4993730194207, 
            301.5731927556827, 
            120.0
        ], 
        [
            506.2719025771759, 
            291.18054498963556, 
            120.0
        ], 
        [
            520.8096284818002, 
            290.41834948723306, 
            120.0
        ], 
        [
            531.5596004015493, 
            287.0221646945445, 
            120.0
        ], 
        [
            544.5649004951396, 
            285.36669064859586, 
            120.0
        ], 
        [
            548.1909911181673, 
            300.0932173057782, 
            120.0
        ], 
        [
            538.4714598702069, 
            310.0736659142545, 
            120.0
        ], 
        [
            540.4103426401521, 
            284.7202921004307, 
            150.0
        ], 
        [
            543.6090774859489, 
            301.49609432474153, 
            150.0
        ], 
        [
            538.0976065763392, 
            315.7471088967534, 
            150.0
        ], 
        [
            536.8614647027114, 
            324.5566459546018, 
            150.0
        ], 
        [
            526.4597734716807, 
            338.80360106280034, 
            150.0
        ], 
        [
            520.5105926709094, 
            328.93380669496185, 
            150.0
        ], 
        [
            518.6476804583883, 
            318.4193915458918, 
            150.0
        ], 
        [
            512.7007298836782, 
            309.44069565581805, 
            150.0
        ], 
        [
            505.18037719291107, 
            300.4570955757814, 
            150.0
        ], 
        [
            504.385326494354, 
            286.14419728801766, 
            150.0
        ], 
        [
            516.6829987037077, 
            280.1428524164012, 
            150.0
        ], 
        [
            529.6753430506519, 
            275.7470242240296, 
            150.0
        ], 
        [
            541.4068435418043, 
            337.0024796108752, 
            150.0
        ], 
        [
            544.665543495667, 
            294.5478333448257, 
            150.0
        ], 
        [
            530.8918503273073, 
            350.4358436072848, 
            150.0
        ], 
        [
            534.2645297035876, 
            362.0081168127688, 
            150.0
        ], 
        [
            547.3031377983466, 
            361.6799203499488, 
            150.0
        ], 
        [
            536.0129057553473, 
            278.3875104565451, 
            150.0
        ], 
        [
            546.9978724546526, 
            352.6692130652076, 
            150.0
        ], 
        [
            545.838698190845, 
            344.475860632775, 
            150.0
        ], 
        [
            541.4303362253876, 
            308.8013369085613, 
            150.0
        ], 
        [
            524.9259635668753, 
            278.59080561633425, 
            180.0
        ], 
        [
            528.8888756008555, 
            290.36862157701603, 
            180.0
        ], 
        [
            521.9491533689512, 
            301.0398230020875, 
            180.0
        ], 
        [
            524.498826606678, 
            310.5321078615092, 
            180.0
        ], 
        [
            528.6340507206788, 
            320.1240193808785, 
            180.0
        ], 
        [
            533.7668240694895, 
            326.62967296036265, 
            180.0
        ], 
        [
            544.310262324985, 
            335.7370019244426, 
            180.0
        ], 
        [
            555.1220790106833, 
            340.9096886919355, 
            180.0
        ], 
        [
            558.3060501135932, 
            355.410876422113, 
            180.0
        ], 
        [
            566.5501915500341, 
            350.11499775667596, 
            180.0
        ], 
        [
            547.046144617257, 
            357.39247608023027, 
            180.0
        ], 
        [
            532.7492051544652, 
            356.85333971775026, 
            180.0
        ], 
        [
            515.4983950570108, 
            352.9999748983016, 
            180.0
        ], 
        [
            503.7771732621421, 
            350.16118613638514, 
            180.0
        ], 
        [
            499.152365198367, 
            336.44921122579524, 
            180.0
        ], 
        [
            497.0763011853785, 
            320.5508674021253, 
            180.0
        ], 
        [
            496.634466075168, 
            304.04338274727024, 
            180.0
        ], 
        [
            480.9954361002765, 
            292.5621683732215, 
            180.0
        ], 
        [
            469.4763165664073, 
            289.82128505403034, 
            180.0
        ], 
        [
            474.2305147803257, 
            278.3646563258683, 
            180.0
        ], 
        [
            487.2177552316771, 
            271.0997830741037, 
            180.0
        ], 
        [
            503.0145655670222, 
            267.7966477007641, 
            180.0
        ], 
        [
            515.2955352843677, 
            270.53261761098355, 
            180.0
        ], 
        [
            545.0408630336001, 
            270.9854430562718, 
            210.0
        ], 
        [
            528.3854496292845, 
            266.02240215773924, 
            210.0
        ], 
        [
            512.4667292927527, 
            256.898273664124, 
            210.0
        ], 
        [
            495.75720925269064, 
            251.91558818102425, 
            210.0
        ], 
        [
            480.88488683598376, 
            258.57129676062704, 
            210.0
        ], 
        [
            477.79400576336616, 
            272.7073472792232, 
            210.0
        ], 
        [
            491.20904746628065, 
            278.50884760299755, 
            210.0
        ], 
        [
            503.7612314243546, 
            283.47372361902035, 
            210.0
        ], 
        [
            505.58585715787865, 
            293.4264990953224, 
            210.0
        ], 
        [
            509.8456699192504, 
            300.0519041337434, 
            210.0
        ], 
        [
            553.0850861975526, 
            309.8903083963749, 
            210.0
        ], 
        [
            538.5676850165843, 
            280.9389877782953, 
            210.0
        ], 
        [
            538.0489503153349, 
            300.82146074895644, 
            210.0
        ], 
        [
            509.2181737494018, 
            312.4848555461628, 
            210.0
        ], 
        [
            506.1017363777379, 
            324.91871789098036, 
            210.0
        ], 
        [
            508.86116797371074, 
            341.46453791139993, 
            210.0
        ], 
        [
            522.1099907555199, 
            340.58765057818414, 
            210.0
        ], 
        [
            546.1875977365753, 
            345.4540717746157, 
            210.0
        ], 
        [
            559.333177778951, 
            340.4486266878731, 
            210.0
        ], 
        [
            566.6043944358447, 
            329.6876502659748, 
            210.0
        ], 
        [
            558.9969891424286, 
            318.14339177963666, 
            210.0
        ], 
        [
            532.9228945655209, 
            290.8916481879537, 
            210.0
        ], 
        [
            533.7805926764884, 
            345.50293198458075, 
            210.0
        ], 
        [
            594.101432258415, 
            258.6116090261412, 
            240.0
        ], 
        [
            596.6848930404142, 
            269.9491580129842, 
            240.0
        ], 
        [
            579.0084671290787, 
            276.44010058118204, 
            240.0
        ], 
        [
            562.9177715785237, 
            282.1265462687682, 
            240.0
        ], 
        [
            551.7074137592194, 
            290.24375751693594, 
            240.0
        ], 
        [
            542.6949713479718, 
            283.77042803854806, 
            240.0
        ], 
        [
            532.0629392140077, 
            278.1030712794456, 
            240.0
        ], 
        [
            520.619446131743, 
            274.83427147335294, 
            240.0
        ], 
        [
            491.3000175366375, 
            270.823299504531, 
            240.0
        ], 
        [
            478.1517831132819, 
            264.32138633716096, 
            240.0
        ], 
        [
            467.5190451931601, 
            262.69646625495545, 
            240.0
        ], 
        [
            468.8675604569379, 
            246.40448269834724, 
            240.0
        ], 
        [
            491.70345684806887, 
            246.4138054220894, 
            240.0
        ], 
        [
            506.3606827333741, 
            246.41978921477556, 
            240.0
        ], 
        [
            520.278845570198, 
            252.11676526430585, 
            240.0
        ], 
        [
            534.9246214657003, 
            253.74405021025473, 
            240.0
        ], 
        [
            549.4888549549603, 
            251.3097798697791, 
            240.0
        ], 
        [
            564.0979731712733, 
            252.93563485191004, 
            240.0
        ], 
        [
            577.1300465596349, 
            258.6133441474995, 
            240.0
        ], 
        [
            479.727148080774, 
            244.25501842115557, 
            240.0
        ], 
        [
            505.866590659311, 
            274.0186483855392, 
            240.0
        ], 
        [
            588.8573806287081, 
            264.3224230407329, 
            270.0
        ], 
        [
            569.0810682094627, 
            268.7311855432405, 
            270.0
        ], 
        [
            551.0969794291436, 
            272.2582128601475, 
            270.0
        ], 
        [
            548.7284628138672, 
            245.73785033041239, 
            270.0
        ], 
        [
            563.0381524324429, 
            246.631143478811, 
            270.0
        ], 
        [
            574.6332186656268, 
            251.05180804163697, 
            270.0
        ], 
        [
            478.90694520659144, 
            248.32555126316933, 
            270.0
        ], 
        [
            495.8859727171461, 
            249.22139607965875, 
            270.0
        ], 
        [
            509.26347142013003, 
            251.8791510027723, 
            270.0
        ], 
        [
            522.7027675678395, 
            251.00809317615588, 
            270.0
        ], 
        [
            533.4807103821926, 
            248.37061939074445, 
            270.0
        ], 
        [
            498.21811297410704, 
            269.5494692227441, 
            270.0
        ], 
        [
            512.5212844974354, 
            272.22079768682664, 
            270.0
        ], 
        [
            525.0917501752324, 
            271.3468678278777, 
            270.0
        ], 
        [
            536.7648492607394, 
            270.4721026256742, 
            270.0
        ], 
        [
            485.6515689940179, 
            270.42307385102976, 
            270.0
        ], 
        [
            471.3451436297189, 
            268.63848067517637, 
            270.0
        ], 
        [
            456.05496087835127, 
            271.28027726434703, 
            270.0
        ], 
        [
            442.6942394638338, 
            267.72626226559714, 
            270.0
        ], 
        [
            448.3659936888478, 
            254.4746564529304, 
            270.0
        ], 
        [
            461.80452213005935, 
            253.60366043393046, 
            270.0
        ], 
        [
            491.2961519710543, 
            265.59695315538534, 
            300.0
        ], 
        [
            478.0599495968637, 
            269.0673950412389, 
            300.0
        ], 
        [
            461.2498515387316, 
            275.14534341413383, 
            300.0
        ], 
        [
            443.66027656275116, 
            276.01317975067184, 
            300.0
        ], 
        [
            424.273442094589, 
            278.61895359283255, 
            300.0
        ], 
        [
            429.8537940013277, 
            265.59808512796445, 
            300.0
        ], 
        [
            435.37938870820574, 
            254.34081565670223, 
            300.0
        ], 
        [
            430.47023075390405, 
            239.66069461382983, 
            300.0
        ], 
        [
            446.1834964522178, 
            241.38227354209087, 
            300.0
        ], 
        [
            463.69271968713974, 
            241.3786804255041, 
            300.0
        ], 
        [
            480.42696283936596, 
            236.2007031731087, 
            300.0
        ], 
        [
            543.6056752408443, 
            225.84782600728505, 
            300.0
        ], 
        [
            556.8179392708222, 
            218.1043132320608, 
            300.0
        ], 
        [
            570.8148601828557, 
            218.0989322240733, 
            300.0
        ], 
        [
            576.8366465595836, 
            230.14267261531788, 
            300.0
        ], 
        [
            585.4994373797691, 
            243.0811719022857, 
            300.0
        ], 
        [
            578.3216977019056, 
            262.12497322238954, 
            300.0
        ], 
        [
            560.7788537017555, 
            258.658359526499, 
            300.0
        ], 
        [
            541.4342373629478, 
            260.39288224330903, 
            300.0
        ], 
        [
            522.0884159360995, 
            262.12751301356474, 
            300.0
        ], 
        [
            503.6335231084322, 
            262.9952068491404, 
            300.0
        ], 
        [
            529.5685520742862, 
            228.43436419727138, 
            300.0
        ], 
        [
            514.6515719259493, 
            231.02198620767206, 
            300.0
        ], 
        [
            497.9792890441701, 
            233.610872157874, 
            300.0
        ], 
        [
            598.679294966847, 
            234.54025498731866, 
            330.0
        ], 
        [
            585.7124380100992, 
            244.69601224771634, 
            330.0
        ], 
        [
            574.4569893203611, 
            253.174376036548, 
            330.0
        ], 
        [
            562.4687590763644, 
            247.24136012277086, 
            330.0
        ], 
        [
            549.6678982479818, 
            238.77951864118137, 
            330.0
        ], 
        [
            535.1432466178383, 
            232.86784250584873, 
            330.0
        ], 
        [
            519.7452928396464, 
            229.49585241440724, 
            330.0
        ], 
        [
            502.5497693603339, 
            232.0327321615623, 
            330.0
        ], 
        [
            494.5655131027945, 
            247.25258220232013, 
            330.0
        ], 
        [
            485.695998097289, 
            262.5199423471379, 
            330.0
        ], 
        [
            478.58701128232974, 
            274.4273651070084, 
            330.0
        ], 
        [
            461.22040436681175, 
            281.2431698144822, 
            330.0
        ], 
        [
            442.1872576773673, 
            284.6527337332379, 
            330.0
        ], 
        [
            425.20632464320573, 
            274.42477528926094, 
            330.0
        ], 
        [
            432.376689186783, 
            262.5223505279574, 
            330.0
        ], 
        [
            430.1264555488978, 
            248.95625879261888, 
            330.0
        ], 
        [
            436.4343872990705, 
            236.27180693977905, 
            330.0
        ], 
        [
            452.96457850436724, 
            225.30149382171203, 
            330.0
        ], 
        [
            465.0434997582706, 
            221.08607336108324, 
            330.0
        ], 
        [
            478.89034385352693, 
            213.5092188878872, 
            330.0
        ], 
        [
            486.76190369387416, 
            204.26751978088765, 
            330.0
        ], 
        [
            505.5209892792045, 
            207.6158483893723, 
            330.0
        ], 
        [
            521.7917847219089, 
            206.7683103139736, 
            330.0
        ], 
        [
            532.8950057656476, 
            208.44279026455655, 
            330.0
        ], 
        [
            543.9734136658388, 
            212.64020557994132, 
            330.0
        ], 
        [
            555.9116323642489, 
            217.6835872723616, 
            330.0
        ], 
        [
            565.2998717863363, 
            221.8914878333773, 
            330.0
        ], 
        [
            578.1813029830254, 
            220.20151378117356, 
            330.0
        ], 
        [
            587.5663032421432, 
            226.9432093558015, 
            330.0
        ], 
        [
            612.6554222502558, 
            245.13991050562453, 
            360.0
        ], 
        [
            596.3396256697442, 
            231.71468128271994, 
            360.0
        ], 
        [
            575.2483830718502, 
            222.45029952670058, 
            360.0
        ], 
        [
            557.047469531414, 
            224.0145108037026, 
            360.0
        ], 
        [
            540.5660463866639, 
            226.57531937133598, 
            360.0
        ], 
        [
            521.7545952865125, 
            236.1266062560561, 
            360.0
        ], 
        [
            508.0746509421078, 
            249.5858801503899, 
            360.0
        ], 
        [
            498.6995584369963, 
            266.03012970407065, 
            360.0
        ], 
        [
            482.08461608048526, 
            281.20359223574036, 
            360.0
        ], 
        [
            460.5774749073153, 
            275.4446543788747, 
            360.0
        ], 
        [
            440.10935603398536, 
            267.9484327957499, 
            360.0
        ], 
        [
            425.03131564179637, 
            250.00747343530446, 
            360.0
        ], 
        [
            446.77353204938834, 
            240.56195774310203, 
            360.0
        ], 
        [
            469.8911703787594, 
            224.0957533299786, 
            360.0
        ], 
        [
            479.99759137526974, 
            210.4654461119313, 
            360.0
        ], 
        [
            500.33786005260504, 
            205.48213465385106, 
            360.0
        ], 
        [
            518.9578230407515, 
            198.63417346905734, 
            360.0
        ], 
        [
            530.5163829089871, 
            188.7181294734491, 
            360.0
        ], 
        [
            552.1779598130581, 
            189.16159732122694, 
            360.0
        ], 
        [
            569.4955953616992, 
            186.69075127903335, 
            360.0
        ], 
        [
            579.6360597594164, 
            197.02932687107693, 
            360.0
        ], 
        [
            611.5140496848289, 
            206.04779985030535, 
            360.0
        ], 
        [
            626.4622087460126, 
            226.43329321323563, 
            360.0
        ], 
        [
            631.3073531023701, 
            235.59670043658278, 
            360.0
        ], 
        [
            595.4635080447601, 
            203.3006476514076, 
            360.0
        ], 
        [
            619.9921808267628, 
            214.52550193701546, 
            360.0
        ], 
        [
            584.9797983212625, 
            225.70141642907396, 
            360.0
        ], 
        [
            460.1585204436036, 
            232.42956610196518, 
            360.0
        ], 
        [
            602.0723028762608, 
            265.1053293490045, 
            390.0
        ], 
        [
            591.3124758794193, 
            250.50898505874568, 
            390.0
        ], 
        [
            585.4036355803343, 
            234.9942757058592, 
            390.0
        ], 
        [
            578.4307330603029, 
            221.80640070326712, 
            390.0
        ], 
        [
            561.4273978303396, 
            219.85249309676453, 
            390.0
        ], 
        [
            544.4276067040801, 
            217.8989927544082, 
            390.0
        ], 
        [
            530.0541490418636, 
            223.13172987516845, 
            390.0
        ], 
        [
            515.4727265516575, 
            238.35472383212306, 
            390.0
        ], 
        [
            497.64775100372503, 
            250.99916927280583, 
            390.0
        ], 
        [
            488.4150889134362, 
            267.58676670422244, 
            390.0
        ], 
        [
            481.0720101511961, 
            289.159129653821, 
            390.0
        ], 
        [
            449.7894607336802, 
            288.9347258968909, 
            390.0
        ], 
        [
            425.7263818461306, 
            278.3492310565674, 
            390.0
        ], 
        [
            413.987835913534, 
            265.1256193500973, 
            390.0
        ], 
        [
            437.8249811792714, 
            249.56460356003703, 
            390.0
        ], 
        [
            455.9662769571349, 
            230.54636379552494, 
            390.0
        ], 
        [
            482.945392349192, 
            218.19091685217393, 
            390.0
        ], 
        [
            511.40101599911435, 
            204.23349267616976, 
            390.0
        ], 
        [
            529.7019515822054, 
            200.01033255625305, 
            390.0
        ], 
        [
            547.9854301336918, 
            194.9322385693011, 
            390.0
        ], 
        [
            500.08260995179546, 
            211.21693667311297, 
            390.0
        ], 
        [
            469.1890121694421, 
            223.44616465315187, 
            390.0
        ], 
        [
            464.36766388339754, 
            294.7473557523984, 
            390.0
        ], 
        [
            617.2777238622785, 
            241.9974001887889, 
            390.0
        ], 
        [
            625.2978807414108, 
            229.426553569801, 
            390.0
        ], 
        [
            606.818069272857, 
            210.5174916545397, 
            390.0
        ], 
        [
            587.9498591724325, 
            201.4994980085986, 
            390.0
        ], 
        [
            568.122063593878, 
            196.02304090786038, 
            390.0
        ], 
        [
            605.2593704948611, 
            251.0072909035049, 
            390.0
        ], 
        [
            623.866127154798, 
            237.57761385059956, 
            420.0
        ], 
        [
            611.895794066107, 
            250.06071688777024, 
            420.0
        ], 
        [
            595.6629039812633, 
            263.5689831681843, 
            420.0
        ], 
        [
            585.8138085061067, 
            252.5668434751969, 
            420.0
        ], 
        [
            577.2383848840547, 
            236.2838687548935, 
            420.0
        ], 
        [
            513.5925904651434, 
            242.03266483917758, 
            420.0
        ], 
        [
            493.5588564422208, 
            254.5638935519317, 
            420.0
        ], 
        [
            485.7495157752036, 
            273.8066893458968, 
            420.0
        ], 
        [
            478.018738732018, 
            291.4872487130333, 
            420.0
        ], 
        [
            464.7856411694028, 
            298.0037179738691, 
            420.0
        ], 
        [
            451.28599751559926, 
            292.2557715648948, 
            420.0
        ], 
        [
            443.0589087849511, 
            284.6885363042246, 
            420.0
        ], 
        [
            442.90729991254074, 
            266.0990578375139, 
            420.0
        ], 
        [
            438.6642075373028, 
            247.75314342733742, 
            420.0
        ], 
        [
            462.41965964262357, 
            227.23708654493026, 
            420.0
        ], 
        [
            479.3233579645805, 
            221.15828642678866, 
            420.0
        ], 
        [
            496.7736010022929, 
            208.9634316896379, 
            420.0
        ], 
        [
            515.2966402005709, 
            208.264041433827, 
            420.0
        ], 
        [
            533.9556135330597, 
            232.33261566439847, 
            420.0
        ], 
        [
            547.3219511306528, 
            227.10200226039268, 
            420.0
        ], 
        [
            563.2740066176772, 
            229.0229646025901, 
            420.0
        ], 
        [
            578.0892228144244, 
            213.24897403925627, 
            420.0
        ], 
        [
            560.7907615483642, 
            209.5771550808226, 
            420.0
        ], 
        [
            546.1390128736426, 
            203.31850746655073, 
            420.0
        ], 
        [
            530.9046483155912, 
            204.04154686604795, 
            420.0
        ], 
        [
            596.8329849010697, 
            207.30179831988136, 
            420.0
        ], 
        [
            619.6844426158711, 
            211.0159141149694, 
            420.0
        ], 
        [
            631.79466027814, 
            223.431761116796, 
            420.0
        ], 
        [
            444.820819943384, 
            231.55555741156837, 
            420.0
        ], 
        [
            644.1988795593786, 
            239.00196869673778, 
            450.0
        ], 
        [
            627.543490440598, 
            240.64012347364024, 
            450.0
        ], 
        [
            601.0063446248143, 
            247.54510895487812, 
            450.0
        ], 
        [
            624.2845747688556, 
            257.5621369907913, 
            450.0
        ], 
        [
            612.136121920465, 
            261.0755137275045, 
            450.0
        ], 
        [
            587.2572012092809, 
            239.43802067875072, 
            450.0
        ], 
        [
            572.398421734021, 
            236.66381434631904, 
            450.0
        ], 
        [
            549.5573690310532, 
            234.71197475813352, 
            450.0
        ], 
        [
            531.6116767529425, 
            239.88880119862654, 
            450.0
        ], 
        [
            519.0629482315092, 
            246.03169521168667, 
            450.0
        ], 
        [
            501.8546389282921, 
            242.32831439046362, 
            450.0
        ], 
        [
            490.4135187144586, 
            259.31395363280996, 
            450.0
        ], 
        [
            491.47808380141043, 
            279.3984895472215, 
            450.0
        ], 
        [
            490.30529576402427, 
            297.93716844905106, 
            450.0
        ], 
        [
            479.0421724541606, 
            303.4961224852809, 
            450.0
        ], 
        [
            473.39910470731144, 
            281.127844696107, 
            450.0
        ], 
        [
            456.2010336665811, 
            255.45252028748735, 
            450.0
        ], 
        [
            444.6905217947202, 
            244.57101098794737, 
            450.0
        ], 
        [
            446.0677970254306, 
            227.68177541869767, 
            450.0
        ], 
        [
            467.1472744010898, 
            218.1887382615584, 
            450.0
        ], 
        [
            485.9556294208729, 
            213.11517072287495, 
            450.0
        ], 
        [
            505.53108118681064, 
            207.21335134490772, 
            450.0
        ], 
        [
            528.1911478726693, 
            200.520602234847, 
            450.0
        ], 
        [
            549.0142000060162, 
            204.15687549644548, 
            450.0
        ], 
        [
            565.3380895985094, 
            215.55540438689854, 
            450.0
        ], 
        [
            588.5231390732569, 
            220.98232626088668, 
            450.0
        ], 
        [
            609.0945558393814, 
            218.54645128226286, 
            450.0
        ], 
        [
            629.7646987463243, 
            212.65765553313764, 
            450.0
        ], 
        [
            638.7176370105897, 
            221.41312550960595, 
            450.0
        ], 
        [
            463.43382532306805, 
            269.13081831250304, 
            450.0
        ], 
        [
            616.5719222603279, 
            275.2892276125242, 
            480.0
        ], 
        [
            610.7113828639566, 
            262.40563213816796, 
            480.0
        ], 
        [
            593.1511435987404, 
            252.88904177360914, 
            480.0
        ], 
        [
            573.1080950858504, 
            247.72370066965829, 
            480.0
        ], 
        [
            537.0579434093188, 
            246.9519615088504, 
            480.0
        ], 
        [
            557.6067795978071, 
            245.5416572688536, 
            480.0
        ], 
        [
            526.5744423945465, 
            252.507397321407, 
            480.0
        ], 
        [
            517.9091003621551, 
            267.6670743558738, 
            480.0
        ], 
        [
            501.9703835409598, 
            289.9305861177668, 
            480.0
        ], 
        [
            501.57661931552275, 
            309.7777085416813, 
            480.0
        ], 
        [
            491.9235364321269, 
            316.9973286187229, 
            480.0
        ], 
        [
            477.87295100602955, 
            311.17920835822787, 
            480.0
        ], 
        [
            471.0270178880355, 
            296.76704555054283, 
            480.0
        ], 
        [
            472.66508084056125, 
            280.34942251569186, 
            480.0
        ], 
        [
            473.4389651468939, 
            263.33319741746465, 
            480.0
        ], 
        [
            493.70411871788303, 
            246.7277184675882, 
            480.0
        ], 
        [
            500.9609004986243, 
            233.4734455802738, 
            480.0
        ], 
        [
            499.4362260431718, 
            218.56714033657443, 
            480.0
        ], 
        [
            523.8714527284945, 
            213.61502614667575, 
            480.0
        ], 
        [
            539.2023007187078, 
            217.22802438847037, 
            480.0
        ], 
        [
            558.776441396938, 
            222.164508435314, 
            480.0
        ], 
        [
            573.7848699106336, 
            227.4895622128716, 
            480.0
        ], 
        [
            605.94430946147, 
            233.28426604570478, 
            480.0
        ], 
        [
            621.5726651552754, 
            234.62942534833073, 
            480.0
        ], 
        [
            638.5693720449547, 
            233.44578427750122, 
            480.0
        ], 
        [
            657.9034632267578, 
            236.1956516144949, 
            480.0
        ], 
        [
            672.6062413390849, 
            250.87171968468195, 
            480.0
        ], 
        [
            630.2315584537683, 
            272.75560499312184, 
            480.0
        ], 
        [
            482.99368223330396, 
            257.0694051763333, 
            480.0
        ], 
        [
            658.7590402290721, 
            269.26619271130653, 
            480.0
        ], 
        [
            512.0102192909179, 
            279.4641116346419, 
            480.0
        ], 
        [
            507.88536087153415, 
            210.08715273333456, 
            480.0
        ], 
        [
            642.4131330208318, 
            271.1453579116365, 
            480.0
        ], 
        [
            677.928757932304, 
            268.8797203694675, 
            480.0
        ], 
        [
            499.96153512124744, 
            301.5878707614237, 
            480.0
        ], 
        [
            589.6151216163518, 
            232.0036832858773, 
            480.0
        ], 
        [
            643.2387526230293, 
            283.8167700005066, 
            510.0
        ], 
        [
            633.0187645839101, 
            267.7397697959824, 
            510.0
        ], 
        [
            622.1005123739554, 
            255.0067324605663, 
            510.0
        ], 
        [
            608.0943177462474, 
            250.3456010312385, 
            510.0
        ], 
        [
            597.1792968941005, 
            251.24252037203115, 
            510.0
        ], 
        [
            583.0830944191466, 
            256.1634286480621, 
            510.0
        ], 
        [
            554.2521324615614, 
            254.0292146481585, 
            510.0
        ], 
        [
            544.6890473422242, 
            262.1238788950863, 
            510.0
        ], 
        [
            532.8427794809168, 
            266.25033462273035, 
            510.0
        ], 
        [
            531.5776225112309, 
            283.23549531886465, 
            510.0
        ], 
        [
            531.9047721029925, 
            299.54898039198986, 
            510.0
        ], 
        [
            522.2664560458213, 
            304.56440519953213, 
            510.0
        ], 
        [
            517.9373800275303, 
            291.50328994010874, 
            510.0
        ], 
        [
            508.7821552428567, 
            282.63625714053126, 
            510.0
        ], 
        [
            538.6095299420804, 
            226.4278234919852, 
            510.0
        ], 
        [
            503.9189381366474, 
            264.90865495242247, 
            510.0
        ], 
        [
            669.4300629673673, 
            232.34284073716947, 
            510.0
        ], 
        [
            509.6500103485335, 
            235.36156430766695, 
            510.0
        ], 
        [
            526.2669467356212, 
            224.9659377843871, 
            510.0
        ], 
        [
            550.9794690968025, 
            227.10365747992768, 
            510.0
        ], 
        [
            564.932177526801, 
            226.1921170632515, 
            510.0
        ], 
        [
            636.1213435748002, 
            236.59286408871705, 
            510.0
        ], 
        [
            595.8299044621936, 
            231.42738693401495, 
            510.0
        ], 
        [
            624.4937359485828, 
            232.7473671420177, 
            510.0
        ], 
        [
            652.4277075839026, 
            239.6118146617992, 
            510.0
        ], 
        [
            513.186242097474, 
            222.72674742676736, 
            510.0
        ], 
        [
            506.8675156813166, 
            248.08089232707715, 
            510.0
        ], 
        [
            578.0039116909381, 
            231.58767106216015, 
            510.0
        ], 
        [
            568.2812352077036, 
            254.69994581319048, 
            510.0
        ], 
        [
            678.8781668596383, 
            244.13153531415225, 
            510.0
        ], 
        [
            671.279621301594, 
            260.15821337259774, 
            510.0
        ], 
        [
            674.5995727130108, 
            277.03882111757, 
            510.0
        ], 
        [
            659.7202639247365, 
            280.41703575558455, 
            510.0
        ], 
        [
            606.6901913683866, 
            229.75324627815974, 
            510.0
        ], 
        [
            689.2380661963286, 
            286.0548995468273, 
            540.0
        ], 
        [
            674.6760015306377, 
            291.7890518072363, 
            540.0
        ], 
        [
            658.4682660292614, 
            290.3412906433855, 
            540.0
        ], 
        [
            657.6046191286964, 
            276.79863765669836, 
            540.0
        ], 
        [
            652.165404611763, 
            264.97924541252223, 
            540.0
        ], 
        [
            626.9130429282671, 
            258.9145290685618, 
            540.0
        ], 
        [
            611.6295378392894, 
            258.2697892067109, 
            540.0
        ], 
        [
            595.5075435785484, 
            264.7160250450445, 
            540.0
        ], 
        [
            585.4846458721347, 
            269.54738610428205, 
            540.0
        ], 
        [
            719.7724306901894, 
            244.7558440272548, 
            540.0
        ], 
        [
            695.1436108474527, 
            228.6872679876745, 
            540.0
        ], 
        [
            658.838041794597, 
            235.20560012897417, 
            540.0
        ], 
        [
            643.6660253978076, 
            237.67067145533716, 
            540.0
        ], 
        [
            580.7528932761561, 
            228.17508503178595, 
            540.0
        ], 
        [
            572.8997651285874, 
            243.7593406062836, 
            540.0
        ], 
        [
            565.067978302643, 
            254.77425344276975, 
            540.0
        ], 
        [
            576.1750252969383, 
            275.97244006029007, 
            540.0
        ], 
        [
            627.7114912052213, 
            239.3692010244884, 
            540.0
        ], 
        [
            700.940639712457, 
            254.3077672745481, 
            540.0
        ], 
        [
            688.0717702434808, 
            260.70830405238837, 
            540.0
        ], 
        [
            682.8889541561844, 
            272.59711015190277, 
            540.0
        ], 
        [
            709.5273671527499, 
            228.55739995518965, 
            540.0
        ], 
        [
            680.7992298370694, 
            231.9087998989535, 
            540.0
        ], 
        [
            598.1441598260933, 
            231.88287103963762, 
            540.0
        ], 
        [
            611.7786376419313, 
            234.85721170356507, 
            540.0
        ], 
        [
            535.8324311697173, 
            262.11637550538813, 
            540.0
        ], 
        [
            636.8502558765263, 
            260.39527417083764, 
            540.0
        ], 
        [
            543.8076348891392, 
            279.4535664854037, 
            540.0
        ], 
        [
            558.1526649270758, 
            292.09034491633145, 
            540.0
        ], 
        [
            551.2594540297764, 
            257.25556199484834, 
            540.0
        ], 
        [
            566.7997529597878, 
            284.0161449487664, 
            540.0
        ], 
        [
            594.1771265303538, 
            289.279104415388, 
            570.0
        ], 
        [
            601.345942614369, 
            279.6618818082326, 
            570.0
        ], 
        [
            616.1319262747497, 
            273.23458833480663, 
            570.0
        ], 
        [
            636.0768866993203, 
            265.2612311316486, 
            570.0
        ], 
        [
            637.3316270897349, 
            249.79178823645861, 
            570.0
        ], 
        [
            621.9321420943284, 
            247.58963225283867, 
            570.0
        ], 
        [
            609.9856778990627, 
            241.558546697907, 
            569.9999999999999
        ], 
        [
            599.618240302224, 
            231.78087201996908, 
            570.0
        ], 
        [
            593.2016885901019, 
            231.81594363665658, 
            570.0
        ], 
        [
            593.4811706346113, 
            247.76481567886435, 
            570.0
        ], 
        [
            582.3242658804531, 
            259.4035293315831, 
            570.0
        ], 
        [
            568.2669956800166, 
            264.16867204417605, 
            570.0000000000001
        ], 
        [
            557.2135793390146, 
            271.29936441034454, 
            570.0
        ], 
        [
            557.8425570461103, 
            287.96510270881515, 
            569.9999999999999
        ], 
        [
            562.6875057912365, 
            302.4507012746721, 
            570.0000000000001
        ], 
        [
            568.583023608069, 
            313.0268986409331, 
            569.9999999999999
        ], 
        [
            584.3206623717724, 
            298.2134973386543, 
            570.0
        ], 
        [
            577.096608276165, 
            306.3995577885631, 
            570.0
        ], 
        [
            627.3670254716706, 
            270.7966085057939, 
            570.0
        ], 
        [
            609.6904380951509, 
            307.1608216805235, 
            599.9999999999999
        ], 
        [
            603.0686012788528, 
            320.2406957118415, 
            599.9999999999999
        ], 
        [
            595.4849708659186, 
            336.85169170253647, 
            600.0
        ], 
        [
            587.4390613545402, 
            327.8080399574772, 
            600.0
        ], 
        [
            576.8284657029196, 
            318.8716046025217, 
            600.0
        ], 
        [
            572.3965108436578, 
            307.5224049860769, 
            600.0
        ], 
        [
            563.9378343622521, 
            282.06239565574657, 
            600.0
        ], 
        [
            574.2768735877415, 
            273.35850512508347, 
            600.0000000000001
        ], 
        [
            595.2894647397088, 
            276.3075188273889, 
            600.0000000000001
        ], 
        [
            604.3925841334324, 
            285.6540577890764, 
            600.0
        ], 
        [
            608.3910816086578, 
            295.1369613133406, 
            599.9999999999999
        ], 
        [
            568.2000574919862, 
            293.9089418899651, 
            600.0
        ], 
        [
            585.2603851069504, 
            272.4899637818705, 
            600.0
        ], 
        [
            602.1408233403098, 
            327.53251673440315, 
            630.0
        ], 
        [
            587.633750939703, 
            331.80253997147145, 
            629.9999999999999
        ], 
        [
            572.2952114755269, 
            328.6998259720869, 
            630.0
        ], 
        [
            565.4762935442965, 
            316.5620803482159, 
            630.0
        ], 
        [
            569.1593003691243, 
            294.14586600192854, 
            630.0
        ], 
        [
            576.5761296108923, 
            279.97762663163223, 
            630.0
        ], 
        [
            584.0946659096417, 
            280.68357182926263, 
            630.0000000000001
        ], 
        [
            609.9630280773592, 
            291.37336153387713, 
            630.0
        ], 
        [
            602.1485930912868, 
            284.4039829444218, 
            630.0
        ], 
        [
            609.2151133955781, 
            304.8398268390719, 
            630.0
        ], 
        [
            604.6901431724503, 
            316.9335385991008, 
            630.0
        ], 
        [
            566.3047859318347, 
            306.09468620862765, 
            630.0000000000001
        ], 
        [
            592.9272268188812, 
            280.59985027751526, 
            630.0000000000001
        ]
