        [
            761.3636300207254, 
            265.2241718051366, 
            0.0
        ], 
        [
            633.1681848566275, 
            172.13866242891368, 
            0.0
        ], 
        [
            647.4843896867699, 
            279.24404315210256, 
            0.0
        ], 
        [
            748.0326220977537, 
            249.43455356032558, 
            0.0
        ], 
        [
            764.068026029046, 
            292.1228080271196, 
            -2.2737367544323206e-13
        ], 
        [
            782.6437868287892, 
            291.5200048895269, 
            0.0
        ], 
        [
            749.2967830465867, 
            296.2626192366543, 
            0.0
        ], 
        [
            719.3356492287312, 
            310.61085076184554, 
            0.0
        ], 
        [
            700.4742849375587, 
            315.10342972802914, 
            0.0
        ], 
        [
            642.863918161494, 
            232.07500200578033, 
            0.0
        ], 
        [
            691.6547246666662, 
            186.52105839106343, 
            0.0
        ], 
        [
            621.7146389553162, 
            173.16289166093247, 
            0.0
        ], 
        [
            663.7988943932961, 
            286.66201885266645, 
            0.0
        ], 
        [
            655.236570115264, 
            308.3900734535054, 
            0.0
        ], 
        [
            773.9060942098046, 
            278.2331032187344, 
            0.0
        ], 
        [
            668.6456157830457, 
            165.2072011338713, 
            2.2737367544323206e-13
        ], 
        [
            725.6814727539213, 
            243.28994148099198, 
            0.0
        ], 
        [
            683.9585938327319, 
            175.96918098637423, 
            0.0
        ], 
        [
            733.0096473815084, 
            303.1407760422202, 
            0.0
        ], 
        [
            691.7690125006194, 
            196.8805388627958, 
            0.0
        ], 
        [
            699.5570707128313, 
            217.7320295913338, 
            0.0
        ], 
        [
            707.2693630370326, 
            233.36941623960035, 
            0.0
        ], 
        [
            610.3005842352866, 
            178.10090903158937, 
            -2.2737367544323206e-13
        ], 
        [
            652.1637261042544, 
            166.09794626755718, 
            0.0
        ], 
        [
            618.1828293991817, 
            193.91095081258277, 
            0.0
        ], 
        [
            636.3261737985318, 
            217.688196726162, 
            0.0
        ], 
        [
            670.4609735955393, 
            316.31350080468616, 
            0.0
        ], 
        [
            685.5551956744569, 
            316.5269578682565, 
            0.0
        ], 
        [
            651.9867679953828, 
            251.64830809753403, 
            0.0
        ], 
        [
            658.5074411933459, 
            267.25225624410257, 
            0.0
        ], 
        [
            670.2295579741686, 
            297.0509851795804, 
            0.0
        ], 
        [
            736.2282016269519, 
            245.51953446711593, 
            0.0
        ], 
        [
            629.7922715747229, 
            204.56986171516496, 
            -2.2737367544323206e-13
        ], 
        [
            737.5990241126061, 
            251.96243562268523, 
            140.0
        ], 
        [
            727.8566396235863, 
            230.67249405311077, 
            140.0
        ], 
        [
            711.8940405503871, 
            215.9266967090491, 
            140.0
        ], 
        [
            691.4193554842572, 
            205.8649232467875, 
            140.0
        ], 
        [
            670.0386711284879, 
            199.53401487639314, 
            140.0
        ], 
        [
            649.6445913142345, 
            197.89293974298948, 
            140.0
        ], 
        [
            629.9374398360483, 
            192.435964337241, 
            140.0
        ], 
        [
            612.3469349258984, 
            195.49484612419064, 
            140.0
        ], 
        [
            592.5439137450827, 
            191.9161848136638, 
            140.0
        ], 
        [
            578.04734105378, 
            182.5230424677199, 
            140.0
        ], 
        [
            561.9364898709698, 
            180.77539416516686, 
            140.0
        ], 
        [
            558.1093417480047, 
            200.92329916275702, 
            140.0
        ], 
        [
            544.6298212157917, 
            216.39450195044049, 
            140.0
        ], 
        [
            534.9729032443653, 
            232.77029482294023, 
            140.0
        ], 
        [
            527.9350896482708, 
            244.33066476129187, 
            140.0
        ], 
        [
            520.943715754378, 
            256.840898008976, 
            140.0
        ], 
        [
            521.4875928768812, 
            268.2496687286692, 
            140.0
        ], 
        [
            625.724849318812, 
            297.1897916962936, 
            139.99999999999977
        ], 
        [
            652.5186438930198, 
            274.13992110471895, 
            140.0
        ], 
        [
            672.4844787179952, 
            267.1890208235765, 
            140.0
        ], 
        [
            694.2109742220412, 
            260.2264349096653, 
            140.0
        ], 
        [
            714.4072995763038, 
            264.50377416805685, 
            140.0
        ], 
        [
            645.4730746885936, 
            282.71353486512083, 
            140.0
        ], 
        [
            613.8881460778223, 
            302.14379153859466, 
            140.0
        ], 
        [
            599.9775653674312, 
            302.46640118813303, 
            140.00000000000023
        ], 
        [
            584.2434030588437, 
            304.71043172113195, 
            140.0
        ], 
        [
            575.1635511449076, 
            310.56254460804143, 
            140.0
        ], 
        [
            524.237742421109, 
            325.9388494235712, 
            140.0
        ], 
        [
            513.0389905810731, 
            309.2147867172601, 
            140.0
        ], 
        [
            503.2947904855264, 
            303.7608605697193, 
            139.99999999999977
        ], 
        [
            490.1000214044902, 
            286.9601092117353, 
            140.0
        ], 
        [
            510.71407297864357, 
            280.82210784464655, 
            140.0
        ], 
        [
            562.5440345678298, 
            321.20660014089447, 
            140.0
        ], 
        [
            551.6116457564201, 
            328.0611527887786, 
            140.0
        ], 
        [
            539.7260211597132, 
            334.9498258700215, 
            140.0
        ], 
        [
            651.6786586902033, 
            206.34597913367602, 
            406.0
        ], 
        [
            628.990134747861, 
            204.69361496442073, 
            406.0
        ], 
        [
            614.88716379734, 
            192.6357439499248, 
            405.9999999999998
        ], 
        [
            592.2772037057841, 
            195.48169413283713, 
            406.0
        ], 
        [
            572.0665806580474, 
            202.80558089366608, 
            406.0
        ], 
        [
            556.4650618340762, 
            212.29378054290603, 
            406.0
        ], 
        [
            544.3570997597728, 
            223.97647373364396, 
            406.0
        ], 
        [
            531.0825604191913, 
            235.71148295982283, 
            406.0
        ], 
        [
            520.3604759829386, 
            254.21950671522018, 
            406.0
        ], 
        [
            507.228406656161, 
            270.5523583718833, 
            406.0
        ], 
        [
            494.80247369244387, 
            276.6327051462614, 
            406.0
        ], 
        [
            479.4859141968967, 
            269.1207901529428, 
            406.0
        ], 
        [
            448.71733308396114, 
            252.91179357841162, 
            406.0
        ], 
        [
            468.81081817134896, 
            262.59603677199476, 
            406.0
        ], 
        [
            462.0645876491199, 
            182.87375226296942, 
            406.0
        ], 
        [
            472.0584057959075, 
            200.87693647538975, 
            406.0
        ], 
        [
            471.6526351917214, 
            219.14262966842793, 
            406.0
        ], 
        [
            458.4355163447808, 
            235.4920619087804, 
            406.0
        ], 
        [
            424.3086414209351, 
            139.19838842907507, 
            406.0
        ], 
        [
            442.2302076908056, 
            151.37172219132015, 
            406.0
        ], 
        [
            461.2685519031993, 
            163.49086222963967, 
            406.0000000000002
        ], 
        [
            453.11008982052124, 
            133.99952866924713, 
            406.0
        ], 
        [
            484.4829986905025, 
            137.87664596610324, 
            406.0000000000002
        ], 
        [
            510.52801121324626, 
            127.06915844313443, 
            406.0
        ], 
        [
            513.9475862223787, 
            154.28675760503035, 
            406.0000000000002
        ], 
        [
            536.833435267237, 
            152.6230491483155, 
            406.0
        ], 
        [
            564.5424720712306, 
            158.78668023137436, 
            405.9999999999998
        ], 
        [
            597.3208787352067, 
            152.36262613817587, 
            406.0
        ], 
        [
            609.5115531799873, 
            172.42584102587006, 
            406.0
        ], 
        [
            640.4926660489405, 
            181.822439079388, 
            406.0
        ], 
        [
            663.471133473624, 
            191.38465166176138, 
            406.0
        ], 
        [
            554.0503375905176, 
            365.4159012068378, 
            798.0
        ], 
        [
            540.1676428445085, 
            345.4646458110546, 
            798.0000000000002
        ], 
        [
            506.44337226584906, 
            307.2096035497172, 
            798.0
        ], 
        [
            547.5132309290988, 
            354.4359609442985, 
            798.0
        ], 
        [
            478.55405154278066, 
            305.5785761307752, 
            798.0
        ], 
        [
            468.25653064544565, 
            316.2829517732364, 
            798.0
        ], 
        [
            460.76379931342984, 
            336.04698768565254, 
            798.0
        ], 
        [
            443.6002458036761, 
            343.73078496663413, 
            798.0
        ], 
        [
            438.30273534510064, 
            318.0101744837299, 
            798.0
        ], 
        [
            428.7117376510571, 
            296.56682052394945, 
            798.0
        ], 
        [
            400.7453239676968, 
            288.88758690775757, 
            798.0
        ], 
        [
            375.90063101366127, 
            280.0731286693094, 
            798.0
        ], 
        [
            382.5383707944859, 
            262.4154070252447, 
            798.0000000000002
        ], 
        [
            383.7623671405323, 
            242.85775831104988, 
            798.0
        ], 
        [
            382.8018544303237, 
            226.46309187072205, 
            798.0
        ], 
        [
            381.8889798475536, 
            203.97793600398535, 
            798.0
        ], 
        [
            402.292387240436, 
            210.1591821688042, 
            798.0
        ], 
        [
            423.6275220390281, 
            226.964692760734, 
            798.0
        ], 
        [
            434.6292987594847, 
            235.63526765592576, 
            798.0
        ], 
        [
            475.718406642678, 
            247.61668144612105, 
            798.0
        ], 
        [
            498.9255037115825, 
            237.12886232377318, 
            798.0
        ], 
        [
            512.6414766016727, 
            259.2146465950679, 
            798.0
        ], 
        [
            521.9247997202376, 
            272.67711492800345, 
            798.0
        ], 
        [
            568.036664459758, 
            269.3870610771242, 
            798.0
        ], 
        [
            573.4117555172598, 
            294.5663525281047, 
            797.9999999999998
        ], 
        [
            584.9907627716482, 
            314.5893932184188, 
            798.0
        ], 
        [
            591.4624329029411, 
            342.89707790043144, 
            798.0
        ], 
        [
            596.8103080487413, 
            360.08406269071133, 
            798.0
        ], 
        [
            614.6194531060717, 
            377.9347937444742, 
            798.0
        ], 
        [
            632.3442042271146, 
            390.65430468872705, 
            798.0
        ], 
        [
            651.0060880205951, 
            399.2296601789889, 
            798.0
        ], 
        [
            645.993486533162, 
            409.6195553287243, 
            798.0
        ], 
        [
            621.1787494868926, 
            409.4549617567749, 
            798.0
        ], 
        [
            604.5434381136374, 
            407.97499004123404, 
            798.0
        ], 
        [
            584.7058023290413, 
            405.567350910658, 
            798.0
        ], 
        [
            571.0405324478652, 
            397.78843086953094, 
            798.0
        ], 
        [
            557.278990354813, 
            378.6756344081763, 
            798.0
        ], 
        [
            530.7884070085767, 
            337.33733322151755, 
            798.0
        ], 
        [
            519.1723993903192, 
            330.4583065550671, 
            798.0
        ], 
        [
            512.7968460212369, 
            315.2495662984474, 
            798.0
        ], 
        [
            494.17051817663105, 
            304.048230692874, 
            798.0
        ], 
        [
            414.8200590845726, 
            216.92582545405207, 
            798.0
        ], 
        [
            455.4682815465638, 
            240.14436726311732, 
            798.0
        ], 
        [
            556.9288402840197, 
            275.67537157025026, 
            798.0
        ], 
        [
            539.491688496382, 
            278.22382540444846, 
            798.0
        ], 
        [
            591.4654422236778, 
            327.28234705486375, 
            798.0
        ], 
        [
            271.9596974999401, 
            407.60195712627876, 
            1032.0
        ], 
        [
            291.02293753589584, 
            401.5411200710694, 
            1032.0
        ], 
        [
            261.16674536473215, 
            415.26225838516507, 
            1032.0
        ], 
        [
            248.72107227910553, 
            420.8649298617454, 
            1032.0
        ], 
        [
            237.85075027685602, 
            430.35941114325414, 
            1032.0
        ], 
        [
            227.71256337201027, 
            442.70881526943066, 
            1032.0
        ], 
        [
            217.18513636480463, 
            460.612638875261, 
            1032.0
        ], 
        [
            207.40463961325415, 
            469.1369446787496, 
            1032.0
        ], 
        [
            301.1080722929307, 
            312.09818071006265, 
            1032.0
        ], 
        [
            286.45721396922755, 
            331.25718056020594, 
            1032.0
        ], 
        [
            282.44574919115047, 
            346.3308757931595, 
            1032.0
        ], 
        [
            275.6714039715816, 
            361.14599637316246, 
            1032.0
        ], 
        [
            260.0756064404581, 
            370.43944577085335, 
            1032.0000000000002
        ], 
        [
            250.42556124477, 
            375.39956817202386, 
            1031.9999999999998
        ], 
        [
            235.92196641635218, 
            383.7619786534557, 
            1032.0
        ], 
        [
            223.58811946206526, 
            388.4690170997018, 
            1032.0
        ], 
        [
            208.62544662118384, 
            391.99903031536337, 
            1032.0
        ], 
        [
            198.18798385637373, 
            396.82805042545, 
            1032.0
        ], 
        [
            184.7121376720899, 
            406.10980426487066, 
            1032.0
        ], 
        [
            176.44238422916064, 
            419.5493915111996, 
            1032.0
        ], 
        [
            168.20073592659983, 
            432.94330369746734, 
            1032.0
        ], 
        [
            161.65467100191853, 
            448.30635280605884, 
            1032.0
        ], 
        [
            157.89273211300488, 
            462.9268543017937, 
            1032.0
        ], 
        [
            153.3096602606863, 
            476.50244706236526, 
            1032.0
        ], 
        [
            159.06396447303513, 
            484.460203939766, 
            1032.0
        ], 
        [
            175.04326296515794, 
            488.68368454783837, 
            1032.0
        ], 
        [
            194.59567888527596, 
            482.0363328996358, 
            1031.9999999999998
        ], 
        [
            317.59699673752635, 
            396.05328493881433, 
            1032.0
        ], 
        [
            331.59834834462333, 
            407.7108236546942, 
            1032.0000000000002
        ], 
        [
            370.4832429550422, 
            414.7200460864487, 
            1032.0
        ], 
        [
            392.234470411959, 
            414.57955424093853, 
            1032.0
        ], 
        [
            386.92658198590505, 
            399.7216668934072, 
            1032.0
        ], 
        [
            380.5883611892741, 
            385.73035063091504, 
            1032.0
        ], 
        [
            366.73016625999776, 
            371.1403387600101, 
            1032.0
        ], 
        [
            352.3035652747519, 
            363.265711986667, 
            1032.0
        ], 
        [
            338.1045937721584, 
            364.0889817556073, 
            1032.0
        ], 
        [
            329.27893089184033, 
            346.0648658044509, 
            1032.0
        ], 
        [
            325.97161362399106, 
            329.4047966137758, 
            1032.0
        ], 
        [
            316.94939206746085, 
            324.8657071826088, 
            1032.0
        ], 
        [
            352.96065067728284, 
            410.4114961345041, 
            1032.0
        ]
