[
            605.0007835050852, 
            205.27918587708285, 
            0.0
        ], 
        [
            617.4068061752492, 
            187.30957613982542, 
            0.0
        ], 
        [
            636.4209335820808, 
            174.51479437541653, 
            0.0
        ], 
        [
            667.1091843498103, 
            165.3488065841264, 
            0.0
        ], 
        [
            695.7544570923101, 
            166.0485642689118, 
            0.0
        ], 
        [
            717.4897537055992, 
            171.51452804002068, 
            -4.547473508864641e-13
        ], 
        [
            735.6215673485736, 
            186.75719803727952, 
            0.0
        ], 
        [
            741.8743967001533, 
            208.31777124393585, 
            0.0
        ], 
        [
            748.1015985596646, 
            231.55951115681688, 
            -4.547473508864641e-13
        ], 
        [
            747.7925714240754, 
            246.43271756734333, 
            0.0
        ], 
        [
            724.1426099419363, 
            250.92735392331053, 
            0.0
        ], 
        [
            700.3055850369643, 
            260.41558509704447, 
            0.0
        ], 
        [
            607.8065124035895, 
            226.95607788819964, 
            0.0
        ], 
        [
            627.6942021419084, 
            247.34472980750687, 
            0.0
        ], 
        [
            645.7917083732109, 
            271.0301629331888, 
            0.0
        ], 
        [
            664.3915626664614, 
            274.7110161748056, 
            -4.547473508864641e-13
        ], 
        [
            686.5844442805011, 
            268.4653478201935, 
            0.0
        ], 
        [
            702.6295070924145, 
            253.9023757731984, 
            140.0
        ], 
        [
            674.4387044066377, 
            260.17797857170115, 
            140.00000000000045
        ], 
        [
            647.4452690568874, 
            268.29105856089666, 
            140.00000000000045
        ], 
        [
            626.0949578670983, 
            286.4684806673686, 
            140.00000000000045
        ], 
        [
            601.8474064666487, 
            297.02471814430714, 
            140.0
        ], 
        [
            576.1745891852668, 
            303.0143017277288, 
            140.0
        ], 
        [
            550.5628754889465, 
            305.9663113419744, 
            140.0
        ], 
        [
            523.5650719036992, 
            299.8219771071588, 
            140.0
        ], 
        [
            525.3073404069897, 
            275.5750561964677, 
            140.0
        ], 
        [
            525.5621569092715, 
            249.78402923181932, 
            140.0
        ], 
        [
            540.8233647804433, 
            228.55191768279974, 
            140.0
        ], 
        [
            557.5801346684332, 
            210.33549216928748, 
            140.0
        ], 
        [
            571.2765189538268, 
            198.18120770658254, 
            140.0
        ], 
        [
            596.891215883858, 
            201.256541337111, 
            140.0
        ], 
        [
            620.9986571278048, 
            205.8554614665337, 
            140.00000000000045
        ], 
        [
            640.6248838971463, 
            207.40468966892217, 
            140.0
        ], 
        [
            667.8093472975033, 
            210.48932196009662, 
            140.0
        ], 
        [
            688.9213427504537, 
            216.61652515144897, 
            140.0
        ], 
        [
            705.3594225194632, 
            233.40811430513952, 
            140.0
        ], 
        [
            645.765936285742, 
            201.5330905930948, 
            406.0
        ], 
        [
            614.7452188612068, 
            196.7435298761436, 
            406.0
        ], 
        [
            594.8988878177205, 
            201.30157847822397, 
            406.0
        ], 
        [
            577.9030040854317, 
            205.86614687895485, 
            406.0
        ], 
        [
            543.9808041040167, 
            214.97660000737164, 
            406.0
        ], 
        [
            524.2062484350092, 
            227.20566164083675, 
            406.0
        ], 
        [
            518.5204844017146, 
            244.06075535747277, 
            406.0
        ], 
        [
            514.2586090252314, 
            260.85381372076677, 
            406.0
        ], 
        [
            468.0665722919393, 
            265.19418712465006, 
            406.0
        ], 
        [
            456.8073713627646, 
            246.8197856094074, 
            406.0
        ], 
        [
            467.98005278823416, 
            230.01154006575575, 
            406.0
        ], 
        [
            473.5605462400708, 
            208.47671866114274, 
            406.0
        ], 
        [
            457.95144039519175, 
            175.85808179952187, 
            406.0
        ], 
        [
            450.70262718429785, 
            135.1826377195332, 
            406.0
        ], 
        [
            470.59153542982284, 
            136.83366491596598, 
            406.0
        ], 
        [
            494.73764366922643, 
            143.20965609189852, 
            406.0
        ], 
        [
            517.4219239409083, 
            154.2691080742618, 
            406.0
        ], 
        [
            534.4378788819208, 
            155.9048688753337, 
            406.0
        ], 
        [
            555.6589701450464, 
            163.80925546202593, 
            406.0
        ], 
        [
            594.0869791376928, 
            153.02420114622328, 
            406.0
        ], 
        [
            574.1718043733638, 
            156.07168685993815, 
            406.0
        ], 
        [
            630.610242077722, 
            178.1680137198589, 
            406.0
        ], 
        [
            603.9671600952828, 
            157.7615819229486, 
            406.0
        ], 
        [
            618.0722140949448, 
            164.07510454031535, 
            406.0
        ], 
        [
            556.7001387136636, 
            210.40492329620247, 
            406.0
        ], 
        [
            501.63544758048454, 
            272.9752474855453, 
            406.0
        ], 
        [
            482.06835440307987, 
            280.4714932332357, 
            406.0
        ], 
        [
            426.6100511189415, 
            141.3624733038489, 
            406.0
        ], 
        [
            433.7945930921864, 
            155.48233045503207, 
            406.0
        ], 
        [
            449.41301766096916, 
            163.35670105628947, 
            406.0
        ], 
        [
            467.8851805475389, 
            191.4323016163587, 
            406.0
        ], 
        [
            445.9003768735251, 
            341.5140418880601, 
            798.0000000000005
        ], 
        [
            428.7519514054498, 
            342.522988609149, 
            797.9999999999995
        ], 
        [
            431.81128865615113, 
            324.19792069888445, 
            798.0
        ], 
        [
            431.3158827070008, 
            300.0528902767312, 
            798.0
        ], 
        [
            408.71958596118566, 
            293.32396382684124, 
            798.0
        ], 
        [
            375.73491281996223, 
            289.78443054939817, 
            798.0
        ], 
        [
            359.8904723032822, 
            281.5001661959732, 
            798.0
        ], 
        [
            371.71543644991823, 
            268.9948376913835, 
            798.0
        ], 
        [
            376.39792217937736, 
            248.56982094835962, 
            798.0
        ], 
        [
            382.5568680722524, 
            216.7924023629139, 
            798.0
        ], 
        [
            394.4674835370839, 
            204.16308619740607, 
            798.0
        ], 
        [
            437.0705764870574, 
            242.36030293648537, 
            798.0
        ], 
        [
            415.9305049645369, 
            228.04159064666624, 
            798.0
        ], 
        [
            461.3816038857046, 
            245.52681175308226, 
            798.0
        ], 
        [
            480.2443129685124, 
            235.24815251431028, 
            798.0
        ], 
        [
            502.9010784343463, 
            249.59721570537795, 
            798.0
        ], 
        [
            508.336495795627, 
            270.45790521223853, 
            798.0
        ], 
        [
            406.9177900912021, 
            214.3198231190936, 
            798.0
        ], 
        [
            522.223170535646, 
            282.35814159866163, 
            798.0
        ], 
        [
            558.1289654375344, 
            271.1798672582015, 
            798.0
        ], 
        [
            389.70902711520034, 
            294.22495934032554, 
            798.0
        ], 
        [
            578.842809199167, 
            301.95104956112186, 
            798.0
        ], 
        [
            535.8790419400914, 
            275.6147426506393, 
            798.0
        ], 
        [
            469.9810108357652, 
            346.36920988105385, 
            798.0
        ], 
        [
            509.4813543372496, 
            361.13052059702136, 
            798.0
        ], 
        [
            533.385631600597, 
            367.76644619582703, 
            798.0
        ], 
        [
            550.5038253810476, 
            383.17858574979823, 
            797.9999999999995
        ], 
        [
            569.2127480793215, 
            394.9690303496909, 
            798.0
        ], 
        [
            591.237695465035, 
            410.48987905829085, 
            798.0
        ], 
        [
            645.0252501011084, 
            427.38314588683124, 
            798.0
        ], 
        [
            668.485514306925, 
            419.45312771708177, 
            798.0
        ], 
        [
            629.9307890226702, 
            392.36655903094993, 
            798.0
        ], 
        [
            606.3030215932031, 
            376.7151845272522, 
            798.0
        ], 
        [
            601.175788590102, 
            358.22752794784697, 
            798.0
        ], 
        [
            585.7615090451418, 
            322.60704946910187, 
            798.0
        ], 
        [
            487.1830807182611, 
            352.7181648363917, 
            798.0
        ], 
        [
            374.2592647705842, 
            233.37143303743824, 
            798.0
        ], 
        [
            648.4191295368277, 
            400.47591919102206, 
            798.0
        ], 
        [
            626.5817275503696, 
            421.13991928643986, 
            798.0
        ], 
        [
            609.7660232440232, 
            413.15031697899553, 
            798.0
        ], 
        [
            568.4940248269704, 
            284.73785389760565, 
            798.0
        ], 
        [
            594.329925005911, 
            339.57890456548125, 
            798.0
        ], 
        [
            567.7028369481015, 
            419.1174350377455, 
            1032.0
        ], 
        [
            530.1535683118658, 
            418.4547495835084, 
            1032.0
        ], 
        [
            476.7547322057576, 
            415.0511568551244, 
            1032.0
        ], 
        [
            424.5800619615889, 
            404.7554273122298, 
            1032.0
        ], 
        [
            382.8433462174611, 
            377.54685342567996, 
            1032.0
        ], 
        [
            347.3366231325605, 
            359.3587585860589, 
            1032.0
        ], 
        [
            309.5968227119897, 
            328.44953133547756, 
            1032.0
        ], 
        [
            278.2985346149201, 
            340.21508198267725, 
            1031.9999999999995
        ], 
        [
            272.0194991049066, 
            359.7211649417643, 
            1032.0
        ], 
        [
            221.31147543406954, 
            382.23369021546296, 
            1032.0
        ], 
        [
            199.4938103884666, 
            395.6205266325737, 
            1032.0
        ], 
        [
            171.6930033610962, 
            420.17138447250477, 
            1032.0
        ], 
        [
            205.3899258126396, 
            457.0677478110522, 
            1032.0
        ], 
        [
            190.49216542453405, 
            480.3410857143863, 
            1032.0
        ], 
        [
            160.63079024255353, 
            488.8775817438095, 
            1032.0
        ], 
        [
            161.6991195261951, 
            445.709640537802, 
            1032.0
        ], 
        [
            154.88081427255247, 
            469.5641829608596, 
            1032.0
        ], 
        [
            600.4807472562172, 
            422.07231646080027, 
            1032.0
        ], 
        [
            635.1765525699108, 
            414.02731184360573, 
            1032.0
        ], 
        [
            668.0210042548724, 
            412.6449699627599, 
            1032.0
        ], 
        [
            696.2961430174707, 
            433.0190036035333, 
            1032.0
        ], 
        [
            718.1504275120053, 
            454.954682906415, 
            1032.0
        ], 
        [
            765.9722241830534, 
            483.7786744622857, 
            1032.0
        ], 
        [
            221.817079910429, 
            434.9310182321208, 
            1032.0
        ], 
        [
            249.39714487411118, 
            408.90561058449, 
            1032.0000000000005
        ], 
        [
            278.3411637829476, 
            397.5950624114437, 
            1032.0
        ], 
        [
            504.5396589273614, 
            455.9717584707503, 
            1032.0
        ], 
        [
            468.20324082085085, 
            447.3290105498388, 
            1032.0
        ], 
        [
            436.07225170535435, 
            448.640638345197, 
            1032.0
        ], 
        [
            381.74424857035757, 
            436.5408498373836, 
            1032.0
        ], 
        [
            331.0716116563477, 
            407.9804567407307, 
            1032.0
        ], 
        [
            313.2623705930116, 
            394.5738804123607, 
            1032.0
        ], 
        [
            356.44640136860966, 
            421.440961996502, 
            1032.0
        ], 
        [
            408.9260132997681, 
            441.76347247055674, 
            1032.0
        ], 
        [
            542.5495275904748, 
            462.9933022569493, 
            1032.0
        ], 
        [
            573.0263659788611, 
            468.28967533141736, 
            1032.0
        ], 
        [
            732.4013174860293, 
            514.777679246784, 
            1032.0
        ], 
        [
            693.3821105825936, 
            496.13940347475454, 
            1032.0
        ], 
        [
            674.4886899652479, 
            477.7258237145903, 
            1032.0
        ], 
        [
            639.9376803761683, 
            460.75928865735364, 
            1032.0
        ], 
        [
            616.8228703196578, 
            458.8475551712593, 
            1032.0
        ], 
        [
            593.4485925557564, 
            461.9043819200522, 
            1032.0
        ], 
        [
            398.71473021906104, 
            390.28615490625407, 
            1032.0
        ], 
        [
            448.48029771838037, 
            409.0208673255145, 
            1032.0
        ], 
        [
            501.6639325472778, 
            421.147556007219, 
            1032.0
        ], 
        [
            331.4960177663646, 
            344.66511152069074, 
            1032.0
        ], 
        [
            760.1321625042368, 
            538.1728840080854, 
            1032.0
        ], 
        [
            788.0827377784904, 
            500.63219140774186, 
            1032.0
        ], 
        [
            803.8213828277361, 
            537.1487017141695, 
            1032.0
        ], 
        [
            792.9883776266333, 
            555.0417171530494, 
            1032.0
        ], 
        [
            743.824914976603, 
            466.8971104315534, 
            1032.0
        ], 
        [
            711.2828135375311, 
            506.2634891207539, 
            1032.0
        ], 
        [
            292.87516849338516, 
            312.05099542163225, 
            1032.0
        ], 
        [
            250.23285028388156, 
            370.83792034949647, 
            1032.0
        ], 
        [
            218.91603459679447, 
            483.82080509888954, 
            1188.0
        ], 
        [
            184.9470203779399, 
            492.7955602594053, 
            1188.0
        ], 
        [
            155.61195862602347, 
            519.4616516591319, 
            1188.0
        ], 
        [
            120.02302389288218, 
            540.3544799213033, 
            1188.0
        ], 
        [
            89.50712205587251, 
            576.2906984354204, 
            1188.0000000000005
        ], 
        [
            76.37556854318393, 
            626.0395085841758, 
            1188.0
        ], 
        [
            63.32112099382823, 
            675.4962032625477, 
            1188.0
        ], 
        [
            60.2402741357746, 
            723.4421068486404, 
            1188.0
        ], 
        [
            46.87317918912743, 
            760.3137380488107, 
            1188.0
        ], 
        [
            20.41590442002132, 
            745.0758275396767, 
            1188.0
        ], 
        [
            24.1738762875608, 
            692.6412440273951, 
            1188.0
        ], 
        [
            42.17138588414775, 
            627.040154076548, 
            1188.0
        ], 
        [
            71.894712887521, 
            564.6076303527203, 
            1188.0
        ], 
        [
            119.62769433823996, 
            513.257021966141, 
            1188.0
        ], 
        [
            165.02742205874029, 
            478.383769838493, 
            1188.0
        ], 
        [
            218.19693124133346, 
            458.8479957610209, 
            1188.0
        ], 
        [
            879.156363656698, 
            854.9109255021215, 
            1188.0
        ], 
        [
            839.9173312459236, 
            806.7799043045608, 
            1188.0
        ], 
        [
            822.3596611715354, 
            733.1046326950882, 
            1188.0
        ], 
        [
            797.3795332426238, 
            668.7057451447469, 
            1188.0
        ], 
        [
            763.7778802964905, 
            593.0311494205245, 
            1188.0
        ], 
        [
            695.752908358385, 
            555.0892100958314, 
            1188.0
        ], 
        [
            740.8995667605917, 
            531.3175495493609, 
            1188.0
        ], 
        [
            785.8543655276729, 
            564.3286382004918, 
            1188.0
        ], 
        [
            811.7436125409682, 
            598.055146162811, 
            1187.9999999999995
        ], 
        [
            819.1216997459381, 
            655.6404639334297, 
            1188.0
        ], 
        [
            848.8117392200139, 
            697.5518203337524, 
            1188.0
        ], 
        [
            853.9700329389568, 
            752.1194035413185, 
            1187.9999999999995
        ], 
        [
            873.4559161876538, 
            790.2924481345477, 
            1188.0
        ]
