[
            445.5961947714677, 
            334.5586621225955, 
            0.0
        ], 
        [
            442.3644155524785, 
            313.66646836634845, 
            0.0
        ], 
        [
            453.479770122399, 
            298.1417261961822, 
            0.0
        ], 
        [
            457.0085950993182, 
            272.2723338874129, 
            0.0
        ], 
        [
            480.91823798922593, 
            264.73698322029037, 
            0.0
        ], 
        [
            509.97413470562714, 
            257.2764098690547, 
            0.0
        ], 
        [
            510.43011449508424, 
            241.8817140286158, 
            0.0
        ], 
        [
            500.40914067989854, 
            227.6982028110816, 
            0.0
        ], 
        [
            481.01792565667864, 
            221.0984825961511, 
            0.0
        ], 
        [
            465.7117462537295, 
            209.43053897566793, 
            0.0
        ], 
        [
            449.28766326390377, 
            192.65876971800535, 
            0.0
        ], 
        [
            448.7914900684128, 
            169.7686755144657, 
            0.0
        ], 
        [
            452.1588352846438, 
            148.2898162820132, 
            0.0
        ], 
        [
            463.1739405908943, 
            130.7921794022447, 
            0.0
        ], 
        [
            481.7473958386225, 
            118.50556720086378, 
            0.0
        ], 
        [
            505.2197754815441, 
            112.60551776483742, 
            0.0
        ], 
        [
            531.0847067102277, 
            110.51390820671025, 
            0.0
        ], 
        [
            531.6798867467444, 
            89.3123992425068, 
            0.0
        ], 
        [
            551.2367911576979, 
            78.45720666454864, 
            0.0
        ], 
        [
            574.2828660523475, 
            78.85912427403052, 
            0.0
        ], 
        [
            594.7821107044017, 
            76.73893153370113, 
            0.0
        ], 
        [
            617.7549988819801, 
            75.90511211149808, 
            0.0
        ], 
        [
            644.4846224534908, 
            75.14059668437426, 
            0.0
        ], 
        [
            663.6756840732658, 
            65.61629128947348, 
            0.0
        ], 
        [
            686.5361248708372, 
            59.881731548169576, 
            0.0
        ], 
        [
            704.2666580080203, 
            55.29812701981632, 
            0.0
        ], 
        [
            729.3765089443655, 
            63.12454856217901, 
            0.0
        ], 
        [
            754.5258407137251, 
            62.35919864372549, 
            0.0
        ], 
        [
            775.8123718774934, 
            68.8747834546248, 
            0.0
        ], 
        [
            799.5798411753225, 
            76.65501878378888, 
            0.0
        ], 
        [
            818.3188924475187, 
            89.24983578908764, 
            0.0
        ], 
        [
            838.318510249874, 
            105.56091221144987, 
            0.0
        ], 
        [
            847.0955467834282, 
            131.58857018040894, 
            0.0
        ], 
        [
            867.1573337145245, 
            146.7255381157329, 
            0.0
        ], 
        [
            872.2426645472372, 
            170.361264851962, 
            0.0
        ], 
        [
            883.6143702915641, 
            191.67078640176868, 
            0.0
        ], 
        [
            882.4670736607394, 
            216.65463333107812, 
            0.0
        ], 
        [
            893.8826631178872, 
            235.59639008834907, 
            0.0
        ], 
        [
            910.2591442669604, 
            239.53303077888955, 
            0.0
        ], 
        [
            934.1984776872304, 
            248.56717405027666, 
            0.0
        ], 
        [
            948.2313036016656, 
            271.3601619112258, 
            0.0
        ], 
        [
            953.4721429134066, 
            291.61872602612, 
            0.0
        ], 
        [
            941.1276203298885, 
            316.9102467087999, 
            0.0
        ], 
        [
            464.8789307327125, 
            351.665329436561, 
            0.0
        ], 
        [
            485.4680097265947, 
            370.11081165308315, 
            0.0
        ], 
        [
            507.4860245367473, 
            385.9549329733847, 
            0.0
        ], 
        [
            534.8793670276166, 
            399.19076377308704, 
            0.0
        ], 
        [
            557.0539654265656, 
            409.7780306253104, 
            0.0
        ], 
        [
            599.0362506839529, 
            417.76065510594105, 
            0.0
        ], 
        [
            931.2224758270918, 
            339.8052296069452, 
            0.0
        ], 
        [
            914.8590263268221, 
            355.08801306007746, 
            0.0
        ], 
        [
            894.6095896316201, 
            371.70975279499066, 
            0.0
        ], 
        [
            872.9592761223921, 
            381.94809458668703, 
            0.0
        ], 
        [
            847.3862719385667, 
            399.9939018080515, 
            0.0
        ], 
        [
            808.803090010148, 
            406.3970640299965, 
            0.0
        ], 
        [
            777.809784720537, 
            410.23758143168607, 
            0.0
        ], 
        [
            745.4493918008097, 
            408.86436360184166, 
            0.0
        ], 
        [
            716.8432821272004, 
            412.7267829554405, 
            0.0
        ], 
        [
            680.3103813453241, 
            416.58836451022745, 
            0.0
        ], 
        [
            655.4564089239985, 
            417.85741084431066, 
            0.0
        ], 
        [
            626.6519062340872, 
            416.4930625739849, 
            0.0
        ], 
        [
            944.955748543106, 
            362.1001856992602, 
            139.99999999999955
        ], 
        [
            926.2500148321649, 
            386.37696115816755, 
            140.0
        ], 
        [
            903.0630058199897, 
            407.5540284814914, 
            140.0
        ], 
        [
            869.2350534382779, 
            431.6746561743925, 
            140.0
        ], 
        [
            841.732460271755, 
            443.6561348278841, 
            140.0
        ], 
        [
            803.8308789795447, 
            444.9576992857171, 
            140.0
        ], 
        [
            767.713551166134, 
            431.12572768746514, 
            140.0
        ], 
        [
            730.0526432864976, 
            421.8393979896823, 
            140.0
        ], 
        [
            686.2597372053893, 
            423.12263542796444, 
            140.0
        ], 
        [
            406.00738993499596, 
            377.96532617123194, 
            140.0
        ], 
        [
            422.27783519061717, 
            399.1402686630443, 
            140.0
        ], 
        [
            441.5473906968558, 
            418.82102705872785, 
            140.0
        ], 
        [
            474.3322579908145, 
            432.5522139415563, 
            140.00000000000045
        ], 
        [
            502.73323063855383, 
            437.2282716376079, 
            140.0
        ], 
        [
            537.0951105068212, 
            447.9713400317416, 
            140.0
        ], 
        [
            573.0040653451125, 
            457.2250844127912, 
            140.0
        ], 
        [
            610.6243891741357, 
            451.41152882295637, 
            140.0
        ], 
        [
            648.3600092173839, 
            441.057296500075, 
            140.0
        ], 
        [
            322.9333901979468, 
            302.2325309113345, 
            140.0
        ], 
        [
            346.70908198717365, 
            317.40152271839577, 
            139.99999999999955
        ], 
        [
            377.97073915092557, 
            331.0933451602897, 
            140.0
        ], 
        [
            401.70925103517334, 
            353.818334781207, 
            140.0
        ], 
        [
            537.5651658045462, 
            103.67221728120762, 
            140.0
        ], 
        [
            505.8989576774293, 
            103.68971650261926, 
            140.0
        ], 
        [
            477.25280016743756, 
            106.75467259029335, 
            140.0
        ], 
        [
            447.14894398910195, 
            108.29322592535209, 
            140.0
        ], 
        [
            415.54219005538846, 
            114.39806135202434, 
            140.0
        ], 
        [
            392.96844331909665, 
            122.01359497703129, 
            140.0
        ], 
        [
            368.8572020277931, 
            138.74043976275289, 
            140.0
        ], 
        [
            343.3148734322462, 
            150.88722297220943, 
            139.99999999999955
        ], 
        [
            331.22865731707975, 
            169.0928557172349, 
            140.0
        ], 
        [
            313.17857277293666, 
            187.27243898328527, 
            140.0
        ], 
        [
            296.62806448788547, 
            208.4575720064579, 
            140.0
        ], 
        [
            290.482117597135, 
            240.21668181359735, 
            140.0
        ], 
        [
            293.3130647048667, 
            267.4234530531822, 
            140.0
        ], 
        [
            305.1197372537616, 
            288.5947089173205, 
            140.0
        ], 
        [
            693.3731312106606, 
            106.64729364412369, 
            140.0
        ], 
        [
            672.1006703233824, 
            109.71751411747437, 
            140.0
        ], 
        [
            647.8731860795036, 
            108.19909292480588, 
            140.0
        ], 
        [
            620.7277034994381, 
            99.03993185354375, 
            140.0
        ], 
        [
            591.9185484585031, 
            105.16998348128834, 
            140.0
        ], 
        [
            566.2633428552809, 
            102.12918592546896, 
            140.0
        ], 
        [
            725.3172134487452, 
            102.03685502061501, 
            140.0
        ], 
        [
            755.5020994558271, 
            117.3399894408559, 
            140.0
        ], 
        [
            785.7706930183472, 
            128.05614961332662, 
            140.0
        ], 
        [
            814.6540226463592, 
            131.11828063494806, 
            139.99999999999955
        ], 
        [
            855.5949307349435, 
            144.91568974771099, 
            139.99999999999955
        ], 
        [
            882.7600442049879, 
            163.31877338829202, 
            140.0
        ], 
        [
            903.6192235962478, 
            193.97701086234383, 
            140.0
        ], 
        [
            901.6551598443277, 
            219.99721533300453, 
            140.0
        ], 
        [
            895.1188564614611, 
            245.9817074765457, 
            140.0
        ], 
        [
            876.5295776885594, 
            264.2721475116999, 
            140.0
        ], 
        [
            867.046593903724, 
            285.61356284919214, 
            140.0
        ], 
        [
            886.6371331330829, 
            297.8723424883924, 
            140.0
        ], 
        [
            906.2845531869548, 
            307.0841392561544, 
            140.0
        ], 
        [
            932.0376359701746, 
            316.31961757018246, 
            140.0
        ], 
        [
            946.8843070202976, 
            339.2479574043022, 
            140.0
        ], 
        [
            926.8392644595526, 
            246.05683891597891, 
            406.0
        ], 
        [
            913.7489196329159, 
            281.1820879539912, 
            406.0
        ], 
        [
            880.9828251346865, 
            290.1420302527881, 
            406.0
        ], 
        [
            846.7075145536485, 
            303.6153952636531, 
            406.0
        ], 
        [
            816.9946209285392, 
            311.020584870363, 
            406.0
        ], 
        [
            790.1436627496911, 
            318.4241999449325, 
            406.0
        ], 
        [
            759.1664552431162, 
            325.7882347962054, 
            406.0
        ], 
        [
            725.516370443959, 
            331.6176909171012, 
            406.0
        ], 
        [
            699.9018438554333, 
            352.4555709232135, 
            406.0
        ], 
        [
            673.1407033298711, 
            368.7093074959728, 
            406.0
        ], 
        [
            643.8423815533182, 
            378.9424083360932, 
            406.0
        ], 
        [
            617.4864913886167, 
            383.2361371905041, 
            406.0
        ], 
        [
            584.3160099354219, 
            383.03802032841054, 
            406.0
        ], 
        [
            558.1056901250139, 
            378.43331255578767, 
            406.0
        ], 
        [
            524.9546596899388, 
            376.753063318042, 
            405.99999999999955
        ], 
        [
            500.09948594945087, 
            372.15322395538635, 
            406.0
        ], 
        [
            473.83198962120656, 
            360.1039555625449, 
            406.00000000000045
        ], 
        [
            450.29627049174655, 
            354.0084666307704, 
            406.0
        ], 
        [
            426.7129615907411, 
            344.9198198017772, 
            406.0
        ], 
        [
            400.2684045791283, 
            331.30645733870256, 
            406.0
        ], 
        [
            371.05796715040105, 
            323.64684296999883, 
            406.0
        ], 
        [
            340.3133188230751, 
            309.9521296091498, 
            406.0
        ], 
        [
            316.15243515999583, 
            282.6436320256171, 
            406.0
        ], 
        [
            319.931892620292, 
            262.923472761805, 
            406.0
        ], 
        [
            297.184434375598, 
            244.5074705786377, 
            406.0
        ], 
        [
            292.4170632480261, 
            219.95823058377596, 
            406.0
        ], 
        [
            279.1457363399483, 
            193.6817754641579, 
            406.0
        ], 
        [
            300.7574533459866, 
            153.36212051343, 
            406.0
        ], 
        [
            279.901513821734, 
            167.30683281728125, 
            406.0
        ], 
        [
            297.2600181573008, 
            123.56665838033268, 
            406.0
        ], 
        [
            477.5481314128025, 
            23.873318764435908, 
            406.0
        ], 
        [
            507.7829139652669, 
            23.969073316543927, 
            406.0
        ], 
        [
            533.667623571636, 
            32.10984712400068, 
            406.0
        ], 
        [
            561.007129275516, 
            33.80844895061978, 
            406.0
        ], 
        [
            586.8161458484587, 
            43.54320086585085, 
            406.0
        ], 
        [
            606.8054520374777, 
            54.84352314103694, 
            406.0
        ], 
        [
            629.6467421482834, 
            64.52882490939373, 
            406.0
        ], 
        [
            662.7183513187017, 
            63.04377763500861, 
            406.0
        ], 
        [
            679.5737291253201, 
            80.67366433139796, 
            406.0
        ], 
        [
            705.4413949834202, 
            79.1721887074948, 
            406.0
        ], 
        [
            729.3539245319469, 
            96.771035911333, 
            406.0
        ], 
        [
            758.3720537091774, 
            85.74046260133036, 
            406.0
        ], 
        [
            785.8745248312108, 
            79.46121437057855, 
            406.0
        ], 
        [
            811.1474388745115, 
            95.48599769706834, 
            406.0
        ], 
        [
            839.8559346122645, 
            95.59272820338742, 
            406.0
        ], 
        [
            859.0619106355475, 
            116.297667321267, 
            406.0
        ], 
        [
            879.7560825862738, 
            133.76235270870598, 
            406.0
        ], 
        [
            907.8229417112304, 
            144.90344947581502, 
            406.0
        ], 
        [
            919.2483440392896, 
            173.18104355633545, 
            406.0
        ], 
        [
            926.3401075134262, 
            201.257410503953, 
            406.0
        ], 
        [
            936.4636385988565, 
            224.53544043610486, 
            406.0
        ], 
        [
            450.2339517016426, 
            30.230849683567612, 
            406.0
        ], 
        [
            421.48606138588707, 
            30.13835416511847, 
            406.0
        ], 
        [
            394.31109489279567, 
            41.29985806413379, 
            406.0
        ], 
        [
            374.3795794788281, 
            52.45174806233058, 
            406.0
        ], 
        [
            356.010400445454, 
            68.36172234285277, 
            406.0
        ], 
        [
            334.86268494339004, 
            84.19754680634605, 
            406.0
        ], 
        [
            315.4161949839072, 
            109.45642575308193, 
            406.0
        ], 
        [
            599.8139923391075, 
            455.8808509862995, 
            798.0
        ], 
        [
            571.2019593828079, 
            442.0463865590932, 
            798.0
        ], 
        [
            535.6503283268471, 
            424.2215109895851, 
            798.0
        ], 
        [
            503.36344477383517, 
            413.7003677751095, 
            798.0
        ], 
        [
            471.0172082783049, 
            408.58825400398587, 
            798.0
        ], 
        [
            445.805957317043, 
            425.58609925984683, 
            798.0
        ], 
        [
            416.86347430658924, 
            426.0942220379004, 
            798.0
        ], 
        [
            394.878672217596, 
            434.1725790429077, 
            798.0
        ], 
        [
            369.1765844387468, 
            431.2104676053, 
            798.0
        ], 
        [
            338.2024445122505, 
            426.1893296089495, 
            798.0
        ], 
        [
            308.7237022049152, 
            417.5776751866099, 
            798.0
        ], 
        [
            287.572075216655, 
            403.8293002488399, 
            798.0
        ], 
        [
            279.9231215661655, 
            383.30310092759623, 
            798.0
        ], 
        [
            272.16931202480805, 
            360.82931626537675, 
            798.0
        ], 
        [
            257.25739170697886, 
            334.1803577657279, 
            798.0
        ], 
        [
            239.19476263240392, 
            318.4061800831655, 
            798.0
        ], 
        [
            222.41314599759482, 
            293.26104952225137, 
            798.0
        ], 
        [
            208.80828152098684, 
            262.4653582582323, 
            798.0
        ], 
        [
            196.8768366669933, 
            231.54088764715357, 
            798.0
        ], 
        [
            197.5578502153918, 
            206.81609995483223, 
            798.0
        ], 
        [
            187.47034451192405, 
            179.4581981195579, 
            798.0
        ], 
        [
            198.84563624099587, 
            155.06977018277894, 
            798.0
        ], 
        [
            222.61264434440125, 
            127.41513748482066, 
            798.0
        ], 
        [
            228.73409223210126, 
            102.5145102086833, 
            798.0
        ], 
        [
            275.8490032077568, 
            74.07748294757357, 
            798.0
        ], 
        [
            254.74090405560162, 
            82.5923655561669, 
            798.0
        ], 
        [
            626.3514406252136, 
            46.63437905621208, 
            798.0
        ], 
        [
            594.938994783319, 
            48.58512270123947, 
            798.0
        ], 
        [
            570.4702585341088, 
            50.97051837158642, 
            798.0
        ], 
        [
            549.6522174793603, 
            74.95427825840284, 
            798.0
        ], 
        [
            523.3814645946779, 
            73.36693852078292, 
            798.0
        ], 
        [
            503.9040156237134, 
            58.57519634832897, 
            798.0
        ], 
        [
            470.40962855043847, 
            54.58100103694346, 
            798.0
        ], 
        [
            440.3441819016137, 
            50.79020855366957, 
            798.0
        ], 
        [
            408.41536382163275, 
            46.87947681505307, 
            798.0
        ], 
        [
            379.84624500066275, 
            39.2451814427036, 
            798.0
        ], 
        [
            351.44880564459504, 
            41.42675909537388, 
            798.0
        ], 
        [
            326.45773212489394, 
            39.893742976613794, 
            798.0
        ], 
        [
            305.50653045019965, 
            54.322269492166015, 
            798.0
        ], 
        [
            650.7077311699506, 
            63.65918653430913, 
            798.0
        ], 
        [
            673.2225729442572, 
            76.63266868728624, 
            798.0
        ], 
        [
            695.6296287349398, 
            91.47405212669696, 
            798.0
        ], 
        [
            716.244567371129, 
            102.31188630399879, 
            798.0
        ], 
        [
            734.9684263889484, 
            122.55658355294008, 
            798.0
        ], 
        [
            746.7948100750185, 
            138.49377946777372, 
            798.0
        ], 
        [
            761.8624849422771, 
            164.02197301453634, 
            798.0
        ], 
        [
            776.8358928038413, 
            189.3904560291951, 
            798.0
        ], 
        [
            793.3466537075594, 
            218.42962975042929, 
            798.0
        ], 
        [
            787.8919011380493, 
            242.3723069375967, 
            798.0
        ], 
        [
            775.6964827239253, 
            267.7035133277377, 
            798.0
        ], 
        [
            765.2594263613448, 
            291.172791058086, 
            798.0000000000005
        ], 
        [
            776.7304724518928, 
            311.9860924205302, 
            798.0
        ], 
        [
            783.1543887132132, 
            330.6173637928164, 
            798.0
        ], 
        [
            789.5506325345684, 
            349.1683768427731, 
            798.0
        ], 
        [
            795.7070039730518, 
            380.2999921692824, 
            798.0
        ], 
        [
            807.0152286565517, 
            398.8748383988616, 
            798.0
        ], 
        [
            835.5770266865251, 
            380.4000384017654, 
            798.0
        ], 
        [
            868.5839953502245, 
            385.58365406320627, 
            798.0
        ], 
        [
            902.6686746835557, 
            406.95382099946323, 
            798.0
        ], 
        [
            931.3317292205492, 
            436.83523379165786, 
            798.0
        ], 
        [
            963.4276282610398, 
            454.2545593480147, 
            798.0
        ], 
        [
            980.4844651657162, 
            477.9568593795393, 
            798.0
        ], 
        [
            1013.3596506761842, 
            507.43746370798715, 
            798.0
        ], 
        [
            1021.6806544383926, 
            540.860834577585, 
            798.0
        ], 
        [
            1015.4105203103074, 
            576.8938031159712, 
            798.0
        ], 
        [
            974.9884949136116, 
            585.6290149004219, 
            798.0
        ], 
        [
            952.6380606003036, 
            581.3078641670988, 
            798.0
        ], 
        [
            922.2762644783146, 
            573.205558392612, 
            798.0
        ], 
        [
            892.0242428678719, 
            556.4042690882848, 
            798.0
        ], 
        [
            864.9281719701955, 
            536.1492172528916, 
            798.0
        ], 
        [
            832.6459450930104, 
            520.8161378856023, 
            798.0
        ], 
        [
            809.8853357187487, 
            512.8410426302997, 
            798.0
        ], 
        [
            792.2351950383497, 
            489.17754594107396, 
            798.0
        ], 
        [
            771.0684340320978, 
            472.31855429645725, 
            797.9999999999995
        ], 
        [
            744.6780597322626, 
            467.60925167729874, 
            798.0
        ], 
        [
            724.7220155949734, 
            475.6246084525021, 
            798.0
        ], 
        [
            703.1892380864729, 
            472.9094626604833, 
            798.0
        ], 
        [
            678.2824316295347, 
            470.0430600140687, 
            798.0
        ], 
        [
            649.984453039059, 
            463.45392649780115, 
            798.0
        ], 
        [
            623.2584769079672, 
            456.915071797923, 
            798.0
        ], 
        [
            876.106930563689, 
            855.9491660441909, 
            1032.0
        ], 
        [
            840.0586246347686, 
            854.3089766728285, 
            1032.0
        ], 
        [
            808.7705351565872, 
            837.5017145206359, 
            1032.0
        ], 
        [
            792.3865125561642, 
            804.2079179605086, 
            1032.0
        ], 
        [
            775.6481459730157, 
            776.8431715904841, 
            1032.0
        ], 
        [
            763.3651008496228, 
            743.1457041394355, 
            1032.0
        ], 
        [
            750.9181008791755, 
            710.7089992096938, 
            1032.0
        ], 
        [
            745.803191758265, 
            678.3571108211662, 
            1032.0
        ], 
        [
            731.5056439039882, 
            651.7168595108243, 
            1032.0
        ], 
        [
            715.8694963122392, 
            611.6889101155884, 
            1032.0
        ], 
        [
            704.2699396374894, 
            587.9879303921618, 
            1032.0
        ], 
        [
            666.6956981120269, 
            565.949672744116, 
            1032.0
        ], 
        [
            636.3594044244659, 
            552.5265673112485, 
            1032.0000000000005
        ], 
        [
            604.3756278377941, 
            530.5447952444094, 
            1032.0
        ], 
        [
            576.7272730746804, 
            520.4871352167252, 
            1032.0
        ], 
        [
            308.4686976966667, 
            449.56086660738197, 
            1032.0
        ], 
        [
            357.63866581401453, 
            454.3256528570721, 
            1032.0
        ], 
        [
            395.62413939407395, 
            461.8355118425011, 
            1032.0
        ], 
        [
            427.18674251531917, 
            470.6438266137661, 
            1032.0
        ], 
        [
            458.62920233073686, 
            481.12390329899563, 
            1032.0
        ], 
        [
            496.13538048156806, 
            490.22583910823505, 
            1032.0
        ], 
        [
            533.4666223403185, 
            504.37362660913686, 
            1032.0
        ], 
        [
            275.4924326169397, 
            459.6318373459603, 
            1032.0
        ], 
        [
            252.4639404682763, 
            480.63349792301256, 
            1032.0
        ], 
        [
            235.73048790694293, 
            498.50420428423627, 
            1032.0
        ], 
        [
            214.36711920724144, 
            517.7460572812397, 
            1032.0
        ], 
        [
            199.6417787602203, 
            542.3918801233176, 
            1032.0
        ], 
        [
            178.3484545709848, 
            559.7860864558124, 
            1032.0
        ], 
        [
            152.19912229295096, 
            573.4880034665248, 
            1032.0
        ], 
        [
            149.27683595317785, 
            608.537121800882, 
            1032.0
        ], 
        [
            139.65907665327302, 
            634.6415652482926, 
            1032.0
        ], 
        [
            126.59840961343207, 
            653.808240307532, 
            1031.9999999999995
        ], 
        [
            112.20970559676982, 
            676.1141223062206, 
            1032.0
        ], 
        [
            87.11127810255914, 
            674.8174755763084, 
            1032.0
        ], 
        [
            63.43285725372323, 
            647.1703193212056, 
            1032.0
        ], 
        [
            59.73895912612795, 
            613.6880083113658, 
            1032.0
        ], 
        [
            77.5283253661529, 
            594.5588858757978, 
            1032.0000000000005
        ], 
        [
            92.00352283722339, 
            571.7980674496546, 
            1032.0
        ], 
        [
            80.72088365625768, 
            542.3563787629466, 
            1032.0
        ], 
        [
            77.3678396679586, 
            513.1403773452853, 
            1032.0
        ], 
        [
            84.94966389422768, 
            479.1764290171591, 
            1032.0
        ], 
        [
            95.82358054278927, 
            445.138609762296, 
            1032.0
        ], 
        [
            97.45407647514196, 
            417.2715428695474, 
            1032.0
        ], 
        [
            113.04280361764552, 
            377.7288483694681, 
            1032.0
        ], 
        [
            885.5397763134247, 
            604.8390770804854, 
            1032.0
        ], 
        [
            889.9129482633257, 
            640.8977045754273, 
            1032.0
        ], 
        [
            894.1719475968489, 
            678.2074751189712, 
            1032.0
        ], 
        [
            896.8516752845853, 
            716.6506636696312, 
            1032.0
        ], 
        [
            899.5759807392825, 
            753.129957847061, 
            1032.0
        ], 
        [
            900.9680847910656, 
            786.071747414444, 
            1032.0
        ], 
        [
            898.0156584822297, 
            818.5177357103653, 
            1032.0
        ], 
        [
            435.2460782938904, 
            265.30256053060134, 
            1032.0
        ], 
        [
            409.8186028901575, 
            283.3492153984014, 
            1032.0
        ], 
        [
            385.1869139610308, 
            258.17524645280196, 
            1032.0
        ], 
        [
            362.3638459028802, 
            249.31673736305197, 
            1032.0
        ], 
        [
            343.82231685879015, 
            220.66294761840254, 
            1032.0
        ], 
        [
            331.6245790902957, 
            190.40128000175764, 
            1032.0
        ], 
        [
            298.72828976049436, 
            184.30728192702009, 
            1032.0
        ], 
        [
            281.3204731815531, 
            203.32206159048678, 
            1032.0
        ], 
        [
            252.0225609228031, 
            208.5667397540103, 
            1032.0
        ], 
        [
            226.21476469045058, 
            219.57572775732774, 
            1032.0
        ], 
        [
            207.24262446198475, 
            236.54618199937227, 
            1032.0
        ], 
        [
            188.32421560454293, 
            253.4685738845958, 
            1032.0
        ], 
        [
            164.6212691351003, 
            271.8241071313739, 
            1032.0
        ], 
        [
            147.54773825091786, 
            290.57436133399415, 
            1032.0
        ], 
        [
            130.43819930428253, 
            307.4542054552619, 
            1032.0
        ], 
        [
            118.48413582620765, 
            328.2098268805057, 
            1032.0
        ], 
        [
            113.30802554409047, 
            352.88243857002, 
            1032.0
        ], 
        [
            477.3277198245648, 
            304.126901830703, 
            1032.0
        ], 
        [
            459.4564728751314, 
            276.00477553520795, 
            1032.0
        ], 
        [
            493.40256270371384, 
            323.0350259009008, 
            1032.0
        ], 
        [
            509.3933846013937, 
            343.60169468317326, 
            1032.0
        ], 
        [
            528.4127432465177, 
            353.6919528293438, 
            1032.0
        ], 
        [
            556.8134999006271, 
            359.09886026040454, 
            1032.0
        ], 
        [
            575.7079949210242, 
            358.59631611371515, 
            1032.0
        ], 
        [
            908.9111459427254, 
            550.1955641838531, 
            1032.0
        ], 
        [
            899.7276478111514, 
            587.6169255525303, 
            1032.0
        ], 
        [
            845.3254623309284, 
            400.75341365901613, 
            1032.0
        ], 
        [
            782.3694973888465, 
            342.61483231689044, 
            1032.0
        ], 
        [
            682.972782053685, 
            318.21909889254334, 
            1032.0
        ], 
        [
            645.198680098844, 
            322.7158904214582, 
            1032.0
        ], 
        [
            604.2878850631002, 
            316.3776090210263, 
            1032.0
        ], 
        [
            621.6793072802511, 
            312.2437481638392, 
            1032.0
        ], 
        [
            591.5473855041225, 
            336.7556570022509, 
            1032.0
        ], 
        [
            698.5098983950411, 
            326.35272033002275, 
            1032.0
        ], 
        [
            721.9888548017639, 
            326.19017827743824, 
            1032.0
        ], 
        [
            756.0643678507577, 
            337.31774864489216, 
            1032.0
        ], 
        [
            800.691061587106, 
            352.6123550148345, 
            1032.0
        ], 
        [
            818.7674092574044, 
            367.78884428473657, 
            1032.0
        ], 
        [
            833.8018299323694, 
            379.22244752104507, 
            1032.0
        ], 
        [
            859.7624207926449, 
            424.05783155642916, 
            1032.0
        ], 
        [
            877.8810951989989, 
            466.14070431899563, 
            1032.0
        ], 
        [
            897.7329089711764, 
            497.7648469441667, 
            1032.0
        ], 
        [
            899.6264791250786, 
            523.0159004892037, 
            1032.0
        ], 
        [
            869.6780044650242, 
            443.5095539861636, 
            1032.0
        ]
