        [
            518.917925072228, 
            301.65802832160784, 
            0.0
        ], 
        [
            554.7002550903667, 
            268.6173388557677, 
            0.0
        ], 
        [
            735.2742641362535, 
            351.0313144317199, 
            0.0
        ], 
        [
            576.4326309336666, 
            192.83097521015907, 
            2.2737367544323206e-13
        ], 
        [
            625.8058081133178, 
            152.45054704954657, 
            0.0
        ], 
        [
            717.987866376922, 
            184.99401915239372, 
            0.0
        ], 
        [
            577.2998250708551, 
            261.155966009557, 
            2.2737367544323206e-13
        ], 
        [
            621.5500868521224, 
            227.9411714332434, 
            0.0
        ], 
        [
            728.0558900311656, 
            165.8649254981325, 
            0.0
        ], 
        [
            693.7470255040799, 
            134.29837239778442, 
            0.0
        ], 
        [
            657.5585661159931, 
            139.45852247111023, 
            0.0
        ], 
        [
            538.4923536020281, 
            151.13143083547232, 
            0.0
        ], 
        [
            712.8615984507901, 
            352.164490335864, 
            0.0
        ], 
        [
            660.9608878310523, 
            357.737560145037, 
            2.2737367544323206e-13
        ], 
        [
            619.573956909031, 
            363.7630964123675, 
            0.0
        ], 
        [
            589.6671373727293, 
            363.0508292024879, 
            0.0
        ], 
        [
            509.6911839275589, 
            331.1299834687358, 
            0.0
        ], 
        [
            527.4484047169074, 
            352.61898540623486, 
            0.0
        ], 
        [
            837.6547142144839, 
            255.43110848910126, 
            0.0
        ], 
        [
            867.1827121199974, 
            277.92178185029013, 
            0.0
        ], 
        [
            859.115848023022, 
            309.2708189198325, 
            0.0
        ], 
        [
            842.3116732719603, 
            331.83002352347296, 
            0.0
        ], 
        [
            816.7041198190843, 
            344.14494221593463, 
            0.0
        ], 
        [
            776.8665481615642, 
            342.3454262526991, 
            0.0
        ], 
        [
            717.1094538563727, 
            211.46191374084998, 
            -2.2737367544323206e-13
        ], 
        [
            745.0990579081717, 
            223.35899885973808, 
            0.0
        ], 
        [
            782.0981719292313, 
            231.27178150767963, 
            -2.2737367544323206e-13
        ], 
        [
            812.7766349458975, 
            239.40178694995703, 
            0.0
        ], 
        [
            602.9348216026297, 
            265.12606578931474, 
            0.0
        ], 
        [
            538.3435231247938, 
            280.6828989710658, 
            0.0
        ], 
        [
            544.5026828569524, 
            361.09618018020376, 
            0.0
        ], 
        [
            602.8323369270147, 
            212.10022056111467, 
            -2.2737367544323206e-13
        ], 
        [
            565.3429852960578, 
            365.21441155528254, 
            0.0
        ], 
        [
            619.2617866331271, 
            255.84700975416672, 
            0.0
        ], 
        [
            757.8955288892791, 
            349.3051899695803, 
            0.0
        ], 
        [
            797.3963110716079, 
            344.1502413059284, 
            0.0
        ], 
        [
            824.2380581625088, 
            243.72275503835385, 
            0.0
        ], 
        [
            829.0432826247514, 
            340.25548052167846, 
            0.0
        ], 
        [
            868.575479106012, 
            294.74595088719457, 
            0.0
        ], 
        [
            557.1707306368512, 
            180.3076894088531, 
            0.0
        ], 
        [
            544.4228869501311, 
            167.01284939681602, 
            0.0
        ], 
        [
            553.3497481748811, 
            144.78301753063738, 
            0.0
        ], 
        [
            579.812045923081, 
            148.12994935441202, 
            0.0
        ], 
        [
            675.2906463956456, 
            138.24696828937488, 
            0.0
        ], 
        [
            729.3759813283942, 
            147.4034160341331, 
            0.0
        ], 
        [
            761.722537229329, 
            228.790296836587, 
            0.0
        ], 
        [
            729.8742976095926, 
            217.07429642995214, 
            0.0
        ], 
        [
            621.4952721611324, 
            243.79257485752873, 
            0.0
        ], 
        [
            585.9901669550707, 
            207.95457644632518, 
            0.0
        ], 
        [
            608.5513549580146, 
            148.98461577531225, 
            -2.2737367544323206e-13
        ], 
        [
            638.4399671910638, 
            143.66574283285672, 
            0.0
        ], 
        [
            855.703608358883, 
            263.795782403657, 
            -2.2737367544323206e-13
        ], 
        [
            716.8793909396488, 
            125.33281721517278, 
            0.0
        ], 
        [
            684.7425022052793, 
            354.8302998337002, 
            0.0
        ], 
        [
            800.4939723648642, 
            231.9396106904428, 
            0.0
        ], 
        [
            809.3885103603163, 
            213.6116498083939, 
            140.0
        ], 
        [
            817.1120376347056, 
            236.66300624940925, 
            140.0
        ], 
        [
            813.2197951046811, 
            258.8972307944568, 
            140.0
        ], 
        [
            806.6208462511187, 
            279.29601811887164, 
            140.0
        ], 
        [
            765.0658431172396, 
            295.87184199418994, 
            140.0
        ], 
        [
            696.1186508072076, 
            341.8974043606776, 
            140.0
        ], 
        [
            668.0800660548213, 
            347.29948960502895, 
            140.0
        ], 
        [
            643.7752713791597, 
            358.178309422596, 
            140.0
        ], 
        [
            618.2721271763173, 
            364.4929436342294, 
            140.0
        ], 
        [
            544.619254754466, 
            379.7673988690811, 
            140.00000000000023
        ], 
        [
            477.42802821676605, 
            337.5438536782086, 
            140.0
        ], 
        [
            455.91435371824, 
            327.6788433635696, 
            140.0
        ], 
        [
            429.2564779667261, 
            314.0619658635944, 
            139.99999999999977
        ], 
        [
            415.6667726531997, 
            295.254835431158, 
            140.0
        ], 
        [
            398.01005572860146, 
            274.4984953974024, 
            140.0
        ], 
        [
            358.08371082376703, 
            259.8083329987124, 
            140.0
        ], 
        [
            401.1408819245311, 
            209.6721074580435, 
            140.0
        ], 
        [
            427.9552558263869, 
            184.09891211734265, 
            140.0
        ], 
        [
            451.6591023645521, 
            155.68217319348037, 
            140.0
        ], 
        [
            495.27852791540766, 
            140.80486030109216, 
            140.0
        ], 
        [
            514.9442278324788, 
            130.99118066431527, 
            140.0
        ], 
        [
            544.3495919056946, 
            126.97345903350708, 
            140.0
        ], 
        [
            575.9388705572376, 
            133.5752426666956, 
            140.0
        ], 
        [
            604.0810014835241, 
            130.5423032880533, 
            140.0
        ], 
        [
            635.9875087184286, 
            132.29704552018057, 
            140.0
        ], 
        [
            665.921295400437, 
            136.91128977522908, 
            140.0
        ], 
        [
            712.2175745091986, 
            142.33806087085122, 
            139.99999999999977
        ], 
        [
            733.4441209272846, 
            147.87840542815587, 
            139.99999999999977
        ], 
        [
            763.0244701479983, 
            163.67617677554614, 
            140.0
        ], 
        [
            797.4948148845697, 
            169.93150150844957, 
            140.0
        ], 
        [
            822.8665564561898, 
            180.88450331632959, 
            140.0
        ], 
        [
            816.9828278014011, 
            195.84956566868686, 
            140.0
        ], 
        [
            691.7658185895785, 
            135.81144862486724, 
            140.0
        ], 
        [
            480.0818322583193, 
            144.7851151231052, 
            140.0
        ], 
        [
            436.6649645297634, 
            165.5364917030409, 
            140.0
        ], 
        [
            419.7426686237332, 
            193.90455824341097, 
            140.0
        ], 
        [
            388.70444715140326, 
            231.19354669971602, 
            140.0
        ], 
        [
            383.892481355248, 
            266.09726516868034, 
            140.0
        ], 
        [
            513.042116176481, 
            367.62882776301853, 
            140.0
        ], 
        [
            597.5512478419384, 
            377.18906252451484, 
            140.0
        ], 
        [
            793.5269151706398, 
            289.70204142575477, 
            140.0
        ], 
        [
            750.2702051650598, 
            311.89402838912156, 
            140.00000000000023
        ], 
        [
            728.1932112476676, 
            326.27783056855753, 
            140.0
        ], 
        [
            494.4123643769856, 
            354.06878999509775, 
            140.0
        ], 
        [
            578.4680751944359, 
            386.1486875669815, 
            140.0
        ], 
        [
            793.9364464347989, 
            267.15746411149564, 
            406.0
        ], 
        [
            775.258851715048, 
            266.12170367424045, 
            406.0
        ], 
        [
            755.5101497217984, 
            270.61367374845685, 
            406.0
        ], 
        [
            735.6767823286054, 
            275.12490151578857, 
            406.0
        ], 
        [
            718.0446691321456, 
            282.9761551380972, 
            406.0
        ], 
        [
            702.5367515182252, 
            288.61994073974114, 
            406.0
        ], 
        [
            687.1501610317591, 
            304.3171218880628, 
            406.0
        ], 
        [
            669.416490678772, 
            317.8594655868257, 
            406.0
        ], 
        [
            646.939316445408, 
            322.5386861092582, 
            406.0
        ], 
        [
            625.4896413380944, 
            327.2294080785222, 
            406.0
        ], 
        [
            606.2573878140664, 
            334.1699923355275, 
            406.0
        ], 
        [
            584.6025601529914, 
            337.77964308533626, 
            406.0
        ], 
        [
            563.8984128881802, 
            334.6083500934051, 
            406.0
        ], 
        [
            540.7194996513053, 
            325.7824783099319, 
            405.9999999999998
        ], 
        [
            525.4755908287216, 
            311.1796161143345, 
            406.0
        ], 
        [
            508.0427264089635, 
            309.04638024962105, 
            406.0000000000002
        ], 
        [
            485.8685978076622, 
            305.8026972815337, 
            406.0
        ], 
        [
            468.1831991342651, 
            294.5336654022548, 
            406.0
        ], 
        [
            456.30058964842925, 
            282.0600008678233, 
            406.0
        ], 
        [
            439.8585806636055, 
            283.2842808882524, 
            406.0
        ], 
        [
            413.80813045191945, 
            276.546401466852, 
            406.0
        ], 
        [
            388.7159050963893, 
            260.593521143585, 
            406.0
        ], 
        [
            382.44958659435684, 
            231.93622896083914, 
            406.0
        ], 
        [
            354.91799705768324, 
            222.7421573813754, 
            406.0
        ], 
        [
            364.2169102421792, 
            198.65772668831573, 
            406.0
        ], 
        [
            359.21074081424524, 
            176.8536200644621, 
            406.0
        ], 
        [
            355.36216104925484, 
            151.62118953999664, 
            406.0
        ], 
        [
            378.9308373095753, 
            128.96701936663217, 
            406.0
        ], 
        [
            404.7423620259882, 
            107.60791680069764, 
            406.0
        ], 
        [
            422.21016430826387, 
            89.66268654000282, 
            406.0
        ], 
        [
            443.23062074522994, 
            80.90468058356015, 
            406.0
        ], 
        [
            474.6843763034996, 
            75.73889637514515, 
            406.0
        ], 
        [
            506.0260712478703, 
            77.35419560985162, 
            406.0
        ], 
        [
            537.1088099340383, 
            74.47475068289947, 
            406.0
        ], 
        [
            569.2698629619248, 
            80.57231112063914, 
            406.0
        ], 
        [
            594.5390602589708, 
            94.33883916263704, 
            406.0
        ], 
        [
            606.2787617279819, 
            119.02325455911446, 
            406.0
        ], 
        [
            626.8735760920301, 
            132.61784254791073, 
            406.0
        ], 
        [
            656.3734023255163, 
            145.13169709467428, 
            406.0
        ], 
        [
            676.747969634469, 
            156.40008823294883, 
            406.0
        ], 
        [
            688.5087439933802, 
            189.74713768868327, 
            406.0
        ], 
        [
            722.0560695305862, 
            197.63298032317698, 
            406.0
        ], 
        [
            750.5181901248862, 
            181.1993712868517, 
            406.0
        ], 
        [
            747.7753934129464, 
            152.5464670099528, 
            406.0000000000002
        ], 
        [
            761.6952043590555, 
            131.78588592116455, 
            406.0
        ], 
        [
            789.976921192914, 
            121.13181559611817, 
            406.0
        ], 
        [
            820.8703891222215, 
            141.1314711611023, 
            406.0000000000002
        ], 
        [
            847.2287666671489, 
            158.80965772108803, 
            406.0
        ], 
        [
            868.15492106035, 
            179.63967318587632, 
            406.0
        ], 
        [
            884.7659402097811, 
            202.56010054099428, 
            406.0
        ], 
        [
            899.2674730072434, 
            228.6856362006842, 
            406.0
        ], 
        [
            884.4424722002606, 
            237.39427170458706, 
            406.0
        ], 
        [
            863.0025837763296, 
            241.7740566856187, 
            405.9999999999998
        ], 
        [
            842.6365535655369, 
            250.55176702365617, 
            405.9999999999998
        ], 
        [
            824.3304553582836, 
            258.2668805514811, 
            406.0
        ], 
        [
            810.8008495905137, 
            126.8317228677345, 
            406.0
        ], 
        [
            706.492474390232, 
            197.57780852494082, 
            406.0
        ], 
        [
            749.704380481809, 
            196.62821254596457, 
            406.0
        ], 
        [
            546.0814911523081, 
            397.144843187331, 
            798.0
        ], 
        [
            526.514217227278, 
            381.3148927408207, 
            798.0
        ], 
        [
            502.1592465449129, 
            360.0840967846187, 
            798.0
        ], 
        [
            466.72050486027666, 
            365.0418136250694, 
            798.0000000000002
        ], 
        [
            443.5442045783199, 
            365.5211192318695, 
            798.0
        ], 
        [
            418.7511634729819, 
            359.98485075474235, 
            798.0
        ], 
        [
            394.9798521956168, 
            346.05126121315254, 
            797.9999999999998
        ], 
        [
            376.6083280918308, 
            328.81274961957524, 
            798.0
        ], 
        [
            350.441597920273, 
            323.18824602231984, 
            798.0
        ], 
        [
            321.9640729226377, 
            315.49434874318456, 
            798.0
        ], 
        [
            293.2182462306607, 
            316.1476083091142, 
            798.0
        ], 
        [
            274.6334836567506, 
            296.63135198807026, 
            798.0
        ], 
        [
            259.37094650192205, 
            277.03083852842246, 
            798.0
        ], 
        [
            263.21579082053563, 
            246.69576087535887, 
            798.0
        ], 
        [
            233.15988463588235, 
            245.05142054678865, 
            798.0
        ], 
        [
            237.15579031998004, 
            210.6318926730727, 
            798.0
        ], 
        [
            235.4936322325243, 
            180.5948872959602, 
            798.0
        ], 
        [
            630.665530318027, 
            423.4887334913309, 
            798.0
        ], 
        [
            666.9095642995351, 
            433.4323796677635, 
            798.0
        ], 
        [
            698.7416563777232, 
            438.36129546402583, 
            798.0
        ], 
        [
            729.116123379587, 
            431.09243330248364, 
            797.9999999999998
        ], 
        [
            733.7148051789109, 
            407.5871868386213, 
            798.0
        ], 
        [
            735.211383198894, 
            381.26740820513044, 
            797.9999999999998
        ], 
        [
            738.689299255908, 
            354.005762696075, 
            798.0
        ], 
        [
            727.2256027589912, 
            333.2660777374704, 
            798.0
        ], 
        [
            710.8626056270014, 
            319.65841168681084, 
            798.0
        ], 
        [
            684.5479870986399, 
            318.28882303946233, 
            798.0
        ], 
        [
            663.0291207717321, 
            306.73879592218225, 
            798.0
        ], 
        [
            651.6250706152074, 
            292.92825469036273, 
            798.0
        ], 
        [
            633.0239280515129, 
            276.23933818163283, 
            798.0
        ], 
        [
            611.3960844630863, 
            267.6027984908589, 
            798.0
        ], 
        [
            613.2696072867024, 
            250.5213939799604, 
            798.0000000000002
        ], 
        [
            638.7161848541464, 
            241.13791779119538, 
            798.0000000000002
        ], 
        [
            674.1877181936624, 
            238.62744872842742, 
            797.9999999999998
        ], 
        [
            703.3921408786099, 
            239.19127088126245, 
            798.0
        ], 
        [
            728.6253081913829, 
            250.66784353732257, 
            798.0
        ], 
        [
            744.2144860828723, 
            233.6713609081325, 
            798.0
        ], 
        [
            749.7090006240259, 
            212.00400041498793, 
            798.0000000000002
        ], 
        [
            760.1951871361412, 
            194.2964803556735, 
            798.0
        ], 
        [
            748.9200256716206, 
            174.89376604096918, 
            798.0
        ], 
        [
            734.1258294678148, 
            176.95002747490867, 
            798.0
        ], 
        [
            720.2317052450923, 
            177.05158957900528, 
            798.0
        ], 
        [
            702.2482396471515, 
            174.24479011149157, 
            798.0
        ], 
        [
            687.9279179694644, 
            154.75816999552345, 
            797.9999999999998
        ], 
        [
            673.709304560438, 
            142.10449559721667, 
            798.0
        ], 
        [
            651.5473725084903, 
            138.2550664499223, 
            798.0
        ], 
        [
            638.7563169401077, 
            163.84373424558484, 
            798.0
        ], 
        [
            576.7659258943422, 
            192.03530178680677, 
            798.0
        ], 
        [
            606.4869334930166, 
            188.79128124975082, 
            798.0
        ], 
        [
            631.8430303257667, 
            178.68561189163836, 
            798.0
        ], 
        [
            471.5106385800282, 
            180.88302979004257, 
            798.0000000000002
        ], 
        [
            504.06905160564753, 
            183.6472971176836, 
            798.0
        ], 
        [
            531.2395249651431, 
            195.44841625661533, 
            798.0
        ], 
        [
            554.068955347564, 
            194.23678157513524, 
            798.0
        ], 
        [
            232.37919590470688, 
            227.329625463167, 
            798.0
        ], 
        [
            244.81341557814108, 
            156.81238440898574, 
            798.0
        ], 
        [
            266.1352493205452, 
            137.23480401363645, 
            798.0
        ], 
        [
            296.0499127865828, 
            116.7897162696037, 
            798.0
        ], 
        [
            315.8763613801832, 
            99.55970693856719, 
            798.0
        ], 
        [
            347.35460169118824, 
            88.5343640646322, 
            798.0000000000002
        ], 
        [
            377.30588929950704, 
            100.6774352291654, 
            798.0
        ], 
        [
            390.01532447951126, 
            117.7843342641526, 
            798.0
        ], 
        [
            389.87774457425326, 
            137.94301268823727, 
            798.0
        ], 
        [
            403.7016507389932, 
            150.01408908044186, 
            798.0000000000002
        ], 
        [
            418.5594225858016, 
            165.09467239048405, 
            798.0
        ], 
        [
            446.17107079810063, 
            167.960286816686, 
            798.0
        ], 
        [
            510.8311334325538, 
            370.80500262335806, 
            798.0
        ], 
        [
            561.7090747343656, 
            414.61184749393544, 
            798.0
        ], 
        [
            585.8883330414867, 
            422.0168534635421, 
            798.0
        ], 
        [
            608.8794695281991, 
            425.3089165506026, 
            798.0
        ], 
        [
            646.2992339280247, 
            433.1808157119591, 
            798.0
        ], 
        [
            361.902649138561, 
            350.48891525162617, 
            1032.0
        ], 
        [
            347.79318932422177, 
            338.7801829385255, 
            1032.0
        ], 
        [
            347.71993123423863, 
            317.46936728209505, 
            1032.0000000000002
        ], 
        [
            340.1275005228881, 
            295.5553558715833, 
            1032.0
        ], 
        [
            327.4241642890613, 
            278.1155567479741, 
            1032.0
        ], 
        [
            309.86119171901777, 
            273.9606841721377, 
            1031.9999999999998
        ], 
        [
            293.43274897626856, 
            267.9503029357103, 
            1032.0000000000002
        ], 
        [
            285.57520364771557, 
            248.93332984876878, 
            1032.0
        ], 
        [
            267.7935692889602, 
            248.69043935776733, 
            1032.0
        ], 
        [
            248.13922341427988, 
            249.28601253356044, 
            1032.0
        ], 
        [
            233.10432483615918, 
            251.16011761356816, 
            1032.0
        ], 
        [
            215.89940942709057, 
            270.24750918499365, 
            1032.0
        ], 
        [
            215.7323012342695, 
            297.1754743608206, 
            1032.0
        ], 
        [
            205.63130557155654, 
            308.90223886679405, 
            1032.0
        ], 
        [
            194.64488686778918, 
            308.0898634186754, 
            1032.0
        ], 
        [
            174.5570605088934, 
            306.60449704224243, 
            1032.0
        ], 
        [
            164.57153139026298, 
            318.2634124787457, 
            1032.0
        ], 
        [
            161.47639788340376, 
            336.1070476748624, 
            1032.0
        ], 
        [
            153.99596511566344, 
            351.65829750120895, 
            1032.0
        ], 
        [
            148.74444833122234, 
            361.6579801390528, 
            1031.9999999999998
        ], 
        [
            137.45262892706603, 
            367.3769764178727, 
            1032.0000000000002
        ], 
        [
            135.31704342438684, 
            385.11367872344147, 
            1032.0
        ], 
        [
            139.3519295716025, 
            405.1864464838211, 
            1032.0
        ], 
        [
            145.43848007495228, 
            421.6430731642404, 
            1032.0
        ], 
        [
            146.05819094598127, 
            438.5487824204648, 
            1032.0
        ], 
        [
            139.56526303776792, 
            453.86499233641973, 
            1032.0
        ], 
        [
            137.43916443397802, 
            471.37395018299884, 
            1032.0
        ], 
        [
            136.71970624101047, 
            494.52298936464894, 
            1032.0000000000002
        ], 
        [
            146.603625486554, 
            507.46813868490136, 
            1032.0
        ], 
        [
            160.53218810728123, 
            514.3046341587321, 
            1032.0
        ], 
        [
            179.31277830609088, 
            516.960547688968, 
            1032.0
        ], 
        [
            199.1898175131426, 
            505.7650212404378, 
            1032.0
        ], 
        [
            211.01651599828273, 
            493.77767305531194, 
            1032.0
        ], 
        [
            221.69647598481333, 
            485.38301879924325, 
            1032.0
        ], 
        [
            229.9678843738169, 
            472.99371111841714, 
            1032.0
        ], 
        [
            239.17846180173734, 
            460.6430357556411, 
            1032.0
        ], 
        [
            247.6529369345436, 
            446.29735222873666, 
            1032.0
        ], 
        [
            260.66895232051036, 
            433.22673056338135, 
            1032.0
        ], 
        [
            277.19522667215693, 
            423.23636097122284, 
            1032.0
        ], 
        [
            298.1070077019165, 
            417.36577824586817, 
            1032.0
        ], 
        [
            315.77890707150965, 
            417.8725287579105, 
            1032.0
        ], 
        [
            437.8933946762313, 
            445.2762483605935, 
            1032.0
        ], 
        [
            421.06923218219134, 
            441.94275116826134, 
            1032.0
        ], 
        [
            403.5195859566279, 
            436.63532406292245, 
            1032.0
        ], 
        [
            384.8216008166354, 
            434.11577026482064, 
            1032.0000000000002
        ], 
        [
            370.5232263953815, 
            435.79203127734985, 
            1032.0
        ], 
        [
            353.38562489591726, 
            438.17632563357904, 
            1031.9999999999998
        ], 
        [
            339.37581218906615, 
            426.50597898571425, 
            1032.0
        ], 
        [
            443.79253378684837, 
            402.3654435406114, 
            1032.0
        ], 
        [
            417.87715930099324, 
            393.52265767267085, 
            1032.0
        ], 
        [
            401.5679719366174, 
            373.8654028845074, 
            1032.0
        ], 
        [
            387.24193802621147, 
            364.04422523774383, 
            1032.0
        ], 
        [
            587.7935555130579, 
            453.00140146422933, 
            1032.0
        ], 
        [
            468.3880159987697, 
            415.96604515185527, 
            1032.0
        ], 
        [
            494.8428361487262, 
            421.02727585485667, 
            1032.0
        ], 
        [
            519.6748378064952, 
            424.02457739238196, 
            1032.0
        ], 
        [
            545.2902235539592, 
            420.27176202900984, 
            1032.0
        ], 
        [
            583.454832220076, 
            419.45809400427765, 
            1032.0
        ], 
        [
            604.7663814098378, 
            422.1606724868999, 
            1032.0000000000002
        ], 
        [
            619.4968132776793, 
            440.9879681184643, 
            1032.0
        ], 
        [
            607.6382992355058, 
            450.75686154063123, 
            1032.0
        ], 
        [
            569.0908332588842, 
            454.35474315905446, 
            1032.0
        ], 
        [
            462.75824901468496, 
            455.067342347461, 
            1032.0
        ], 
        [
            490.25643145350534, 
            458.35987940362065, 
            1032.0
        ], 
        [
            546.307710613069, 
            458.2638671193462, 
            1032.0
        ], 
        [
            524.0112841952722, 
            458.31859805290446, 
            1032.0
        ]
