        [
            708.1069864603983, 
            268.01903187060515, 
            0.0
        ], 
        [
            708.2841493913592, 
            279.6059783740029, 
            0.0
        ], 
        [
            712.489297205959, 
            302.7146647426451, 
            0.0
        ], 
        [
            706.2877160581744, 
            316.9551248766197, 
            0.0
        ], 
        [
            701.3910886660409, 
            332.4584463370953, 
            0.0
        ], 
        [
            697.8387537346468, 
            351.79289593030524, 
            0.0
        ], 
        [
            690.3199523352874, 
            363.46779996533553, 
            0.0
        ], 
        [
            684.1658588452367, 
            380.25815807152674, 
            0.0
        ], 
        [
            677.9535379315316, 
            393.19143553357594, 
            0.0
        ], 
        [
            662.7854946740285, 
            407.5372977285003, 
            0.0
        ], 
        [
            634.710925870631, 
            416.9380611174352, 
            0.0
        ], 
        [
            625.5838862000247, 
            408.0871258329421, 
            0.0
        ], 
        [
            592.1757798968245, 
            406.0125821605509, 
            0.0
        ], 
        [
            608.8815042368532, 
            407.0499577725924, 
            0.0
        ], 
        [
            520.2041963617895, 
            403.2212116873306, 
            0.0
        ], 
        [
            538.2307030376483, 
            405.5246166803946, 
            0.0
        ], 
        [
            557.5145887082889, 
            406.52441764400885, 
            0.0
        ], 
        [
            575.554102993819, 
            410.1107468303026, 
            0.0
        ], 
        [
            431.29195917966354, 
            323.4715747020491, 
            0.0
        ], 
        [
            449.5716691832899, 
            337.37364038978296, 
            0.0
        ], 
        [
            465.127161909913, 
            343.58554438897283, 
            0.0
        ], 
        [
            480.7714283689344, 
            354.94098430961014, 
            0.0
        ], 
        [
            490.0278407767571, 
            368.9565227016875, 
            0.0
        ], 
        [
            498.041216646262, 
            385.5549771379622, 
            0.0
        ], 
        [
            519.1420852216224, 
            270.68033068728533, 
            0.0
        ], 
        [
            501.3116917630832, 
            281.24403057077575, 
            0.0
        ], 
        [
            483.5061903296985, 
            293.0951790837069, 
            0.0
        ], 
        [
            465.489440148692, 
            293.3508962228494, 
            0.0
        ], 
        [
            447.517446532486, 
            296.18363724362143, 
            0.0
        ], 
        [
            432.2151995574981, 
            304.1335815878417, 
            0.0
        ], 
        [
            676.7546248624803, 
            234.95548891893236, 
            0.0
        ], 
        [
            655.0476985110283, 
            244.28194520579913, 
            0.0
        ], 
        [
            638.5244800544185, 
            256.1133330113145, 
            0.0
        ], 
        [
            544.4021922666251, 
            243.24703328676105, 
            0.0
        ], 
        [
            529.1859004657106, 
            256.3566433248517, 
            0.0
        ], 
        [
            559.7540998913416, 
            237.87356362820708, 
            0.0
        ], 
        [
            582.6506336055554, 
            222.07448829774944, 
            0.0
        ], 
        [
            589.3437331864327, 
            237.46161466561813, 
            0.0
        ], 
        [
            621.8133297448138, 
            256.3476063102627, 
            0.0
        ], 
        [
            607.6495827338346, 
            255.25716926650065, 
            0.0
        ], 
        [
            598.5411474878838, 
            248.93888228875858, 
            0.0
        ], 
        [
            569.9152146655132, 
            229.99221257939703, 
            0.0
        ], 
        [
            644.8485289746491, 
            409.08615110098424, 
            0.0
        ], 
        [
            694.7658540693155, 
            235.99392045997274, 
            0.0
        ], 
        [
            705.3016260019494, 
            252.60040810218152, 
            0.0
        ], 
        [
            709.7844357234799, 
            293.744892195793, 
            0.0
        ], 
        [
            880.8255069342624, 
            268.44576171845347, 
            161.0
        ], 
        [
            876.3909039420698, 
            291.0447878501142, 
            161.0
        ], 
        [
            869.487858763435, 
            305.36947368992116, 
            161.00000000000023
        ], 
        [
            861.4840045351837, 
            325.6296284425259, 
            160.99999999999977
        ], 
        [
            852.3187844758949, 
            347.0812245310784, 
            161.0
        ], 
        [
            839.4880073142746, 
            359.1064607062949, 
            161.0
        ], 
        [
            827.8890292019207, 
            374.66186939723406, 
            161.0
        ], 
        [
            816.2116372070166, 
            384.29856457447204, 
            161.0
        ], 
        [
            804.5358153302801, 
            393.9339640215385, 
            160.99999999999977
        ], 
        [
            794.0757870430431, 
            405.91544689923825, 
            161.0
        ], 
        [
            783.5841691067867, 
            415.53024642843934, 
            161.0
        ], 
        [
            766.113035573903, 
            432.3395546219077, 
            161.0
        ], 
        [
            756.823603991815, 
            443.1141754153732, 
            161.0
        ], 
        [
            590.359046911524, 
            247.89701216932653, 
            161.0
        ], 
        [
            607.9999163881606, 
            243.2201892600834, 
            161.00000000000023
        ], 
        [
            627.9072552221911, 
            249.18370014056157, 
            161.0
        ], 
        [
            640.768923555192, 
            256.3170003537208, 
            160.99999999999977
        ], 
        [
            658.4058667323796, 
            258.7390339334601, 
            161.0
        ], 
        [
            679.6477682480707, 
            257.62277788501666, 
            161.0
        ], 
        [
            703.306172382077, 
            255.3262144037421, 
            160.99999999999977
        ], 
        [
            728.1259146907681, 
            258.96312970535985, 
            161.0
        ], 
        [
            747.1160349993634, 
            257.8363756922088, 
            161.0
        ], 
        [
            770.8921371772897, 
            256.7226693937673, 
            161.0
        ], 
        [
            792.3474537931248, 
            254.40941315845015, 
            161.0
        ], 
        [
            813.9198780026281, 
            246.135588864262, 
            161.0
        ], 
        [
            843.843585236872, 
            242.63710215518427, 
            161.0
        ], 
        [
            866.4990094093315, 
            249.858342107824, 
            161.0
        ], 
        [
            579.5003495153986, 
            279.71349901801244, 
            161.0
        ], 
        [
            672.3156562989493, 
            280.0925351030601, 
            161.0
        ], 
        [
            571.3793732915598, 
            272.60800421766953, 
            161.0
        ], 
        [
            571.4948489338354, 
            260.81818257318616, 
            161.00000000000023
        ], 
        [
            597.0095208889526, 
            285.68377351629954, 
            161.0
        ], 
        [
            616.9500243922167, 
            285.77002056244567, 
            161.0
        ], 
        [
            726.6291850380431, 
            285.05846844252994, 
            161.0
        ], 
        [
            692.3945059271003, 
            278.9900595470481, 
            161.0
        ], 
        [
            772.4485714714665, 
            322.069633934728, 
            161.0
        ], 
        [
            652.2573847599234, 
            282.3755784343485, 
            161.00000000000023
        ], 
        [
            747.0944791288183, 
            453.31426174927503, 
            160.99999999999977
        ], 
        [
            707.7471327220533, 
            280.2372289965294, 
            161.0
        ], 
        [
            743.208979347003, 
            286.3161182030256, 
            161.0
        ], 
        [
            756.1455006537212, 
            295.8696287073859, 
            161.0
        ], 
        [
            737.5703223864739, 
            457.9327481133155, 
            161.0
        ], 
        [
            725.8183572488639, 
            451.89708045548065, 
            160.99999999999977
        ], 
        [
            782.8309243734302, 
            347.0589043187166, 
            161.0
        ], 
        [
            779.4150887793598, 
            335.1683272610503, 
            161.0
        ], 
        [
            769.3576684886916, 
            378.97762224662813, 
            161.0
        ], 
        [
            754.8861700254455, 
            397.8055252832229, 
            161.0
        ], 
        [
            744.0918186553696, 
            408.35755346888755, 
            161.00000000000023
        ], 
        [
            730.9015381712435, 
            422.4195310436674, 
            161.0
        ], 
        [
            724.7776404913625, 
            440.07777401544445, 
            161.0
        ], 
        [
            782.6043537383061, 
            364.85373216283824, 
            161.0
        ], 
        [
            770.2360005729042, 
            308.9987114011956, 
            161.0
        ], 
        [
            638.0863437857726, 
            287.0430653836544, 
            161.0
        ], 
        [
            1166.7197522274637, 
            264.14050420729274, 
            278.0000000000002
        ], 
        [
            1152.6349402160622, 
            276.58029481894965, 
            278.0
        ], 
        [
            1135.1772386937969, 
            285.5886071397855, 
            278.0
        ], 
        [
            1120.1512600857004, 
            288.9300732574804, 
            278.0
        ], 
        [
            1100.5116870297036, 
            294.51085719687364, 
            278.0000000000002
        ], 
        [
            1086.6805133098135, 
            297.8456871019579, 
            278.0
        ], 
        [
            1079.6253495642943, 
            307.98479483749895, 
            278.0
        ], 
        [
            1087.3956887330858, 
            322.70926256152234, 
            278.0
        ], 
        [
            1099.7773433711986, 
            336.3349444542242, 
            278.0
        ], 
        [
            1104.0899921679847, 
            352.1768678205871, 
            278.0
        ], 
        [
            1098.1148137006853, 
            365.68582477876936, 
            278.0000000000002
        ], 
        [
            1083.1157564929026, 
            371.2188768856628, 
            278.0
        ], 
        [
            1069.475133285141, 
            365.4818165194748, 
            278.0
        ], 
        [
            1024.0376153833558, 
            350.5272764750968, 
            278.0
        ], 
        [
            1046.7460739335309, 
            357.43483235774545, 
            278.0
        ], 
        [
            890.9063909496219, 
            307.10476288992425, 
            278.0
        ], 
        [
            879.7631131958188, 
            298.0910816673131, 
            278.0
        ], 
        [
            904.282154271646, 
            318.37792816557567, 
            278.0
        ], 
        [
            922.25672689665, 
            325.2003992770771, 
            278.0
        ], 
        [
            935.6942455089853, 
            334.2499382031001, 
            278.0
        ], 
        [
            948.0111729819203, 
            343.3006207961268, 
            278.0
        ], 
        [
            953.3820902957252, 
            362.4111527713993, 
            278.0
        ], 
        [
            973.5804912385059, 
            376.0248444858426, 
            278.0
        ], 
        [
            991.8745657659033, 
            368.29989789707196, 
            278.0
        ], 
        [
            1004.5286768517335, 
            359.3973389354986, 
            278.0
        ], 
        [
            1037.0165833582491, 
            255.87574331233193, 
            278.0
        ], 
        [
            1059.8559726708754, 
            258.19224478133367, 
            278.0
        ], 
        [
            1080.4054665743581, 
            262.76944092178667, 
            278.0
        ], 
        [
            1101.1276460667927, 
            259.42929257093124, 
            278.0
        ], 
        [
            1121.8885308508948, 
            256.08290542573565, 
            278.0
        ], 
        [
            1144.9535199411885, 
            255.00465968882568, 
            278.0
        ], 
        [
            923.1285020751238, 
            266.8339985783453, 
            278.0
        ], 
        [
            943.3757973804968, 
            275.8874663922869, 
            278.0
        ], 
        [
            962.6054679177953, 
            279.3261803498051, 
            277.9999999999998
        ], 
        [
            983.1090073003096, 
            276.0190176207593, 
            278.0
        ], 
        [
            1001.3179975889758, 
            276.07930509936875, 
            278.0
        ], 
        [
            1020.7886100988728, 
            270.5039206681346, 
            278.0000000000002
        ], 
        [
            909.4760622381101, 
            272.4075629929488, 
            278.0
        ], 
        [
            898.0666131907528, 
            280.22497253782603, 
            277.9999999999998
        ], 
        [
            890.0865471307516, 
            285.8036809045815, 
            278.0
        ], 
        [
            1142.7297885247158, 
            276.8034241338484, 
            483.0
        ], 
        [
            1129.047914511454, 
            285.58793840525317, 
            483.0
        ], 
        [
            1118.540418081769, 
            293.2014271576427, 
            483.0
        ], 
        [
            1104.9689010973464, 
            297.8196729305164, 
            483.0
        ], 
        [
            1091.4275933855968, 
            302.4276388028971, 
            483.0
        ], 
        [
            1073.8056417737675, 
            303.0642042875362, 
            483.0
        ], 
        [
            1059.3212513964083, 
            303.5874302719538, 
            483.0
        ], 
        [
            1043.8354823982445, 
            303.1211165007135, 
            483.0
        ], 
        [
            1036.571673725183, 
            312.6057205515152, 
            483.0
        ], 
        [
            1041.6562081816357, 
            325.7265538135368, 
            482.9999999999998
        ], 
        [
            1046.7450314013063, 
            336.7876454339243, 
            483.0000000000002
        ], 
        [
            1061.1318211518635, 
            342.4234803978008, 
            483.0000000000002
        ], 
        [
            1076.5228702661966, 
            353.1325447834531, 
            483.0
        ], 
        [
            1073.3353816258564, 
            365.4644584015, 
            483.0000000000002
        ], 
        [
            1055.8392975005427, 
            365.0143292772016, 
            483.0
        ], 
        [
            1038.4020426287684, 
            359.4817530688466, 
            483.0
        ], 
        [
            1019.938616201459, 
            360.0877695642606, 
            483.0000000000002
        ], 
        [
            1007.6628728299014, 
            356.42938530599974, 
            483.0
        ], 
        [
            991.3056594201025, 
            355.9555383418232, 
            483.0
        ], 
        [
            1043.1208568066766, 
            242.35366164735962, 
            482.9999999999998
        ], 
        [
            1014.1251268054715, 
            251.7694303957761, 
            483.0
        ], 
        [
            1043.0615027748565, 
            253.73207678646634, 
            483.0
        ], 
        [
            1040.9331185579006, 
            265.1708041448504, 
            483.0
        ], 
        [
            1049.1717028159774, 
            272.07369264220233, 
            483.0
        ], 
        [
            1065.746559784512, 
            271.4433385234324, 
            483.0
        ], 
        [
            1083.4274426597444, 
            266.6378361265724, 
            483.0
        ], 
        [
            1098.0505357072461, 
            259.8683017115996, 
            483.0
        ], 
        [
            1113.7132956570613, 
            257.1898301954471, 
            482.9999999999998
        ], 
        [
            1129.361772403026, 
            258.6581870277383, 
            483.0
        ], 
        [
            1142.847976246405, 
            267.4744157502658, 
            483.0
        ], 
        [
            1028.6145026086015, 
            244.9993640561413, 
            482.9999999999998
        ], 
        [
            877.9958160430363, 
            262.23903659678126, 
            483.0
        ], 
        [
            898.3504733927588, 
            266.56311069888886, 
            483.0
        ], 
        [
            910.6036822147272, 
            274.27594353180245, 
            483.0
        ], 
        [
            926.9190691549907, 
            276.7230510837293, 
            482.9999999999998
        ], 
        [
            949.3782101834183, 
            271.768906503162, 
            483.0
        ], 
        [
            967.8115613282419, 
            273.11591607168384, 
            483.0
        ], 
        [
            983.2055753569209, 
            266.3632052000382, 
            483.0
        ], 
        [
            1000.7084575609163, 
            256.420490798078, 
            483.0
        ], 
        [
            856.5909973092664, 
            365.4492528147855, 
            483.0
        ], 
        [
            872.7190123553682, 
            369.95198614590436, 
            483.0
        ], 
        [
            883.8152095345077, 
            372.6106012084541, 
            483.0
        ], 
        [
            897.9244307393706, 
            371.14718177690713, 
            483.0
        ], 
        [
            917.1034068435197, 
            366.49090309194696, 
            483.0
        ], 
        [
            933.3018299735797, 
            363.9418220561395, 
            482.9999999999998
        ], 
        [
            952.5840615065167, 
            360.27488053666866, 
            483.0
        ], 
        [
            970.9011034692123, 
            357.6449542776208, 
            482.9999999999998
        ], 
        [
            780.7625653276401, 
            379.941619437953, 
            483.0
        ], 
        [
            799.6805620418771, 
            379.33449011858113, 
            483.0
        ], 
        [
            815.585962733264, 
            373.8146705195868, 
            483.0
        ], 
        [
            832.5463842353904, 
            369.2508400040254, 
            483.0
        ], 
        [
            786.0426536968916, 
            330.60370377671165, 
            483.0
        ], 
        [
            787.1959847949893, 
            341.63383247261487, 
            483.0
        ], 
        [
            788.3057609319947, 
            349.63586471384394, 
            483.0
        ], 
        [
            784.5147935788124, 
            363.8080258323267, 
            483.0
        ], 
        [
            801.9242190218977, 
            320.96684231564666, 
            483.0000000000002
        ], 
        [
            819.971320973818, 
            320.3237753916404, 
            483.0
        ], 
        [
            835.061732110935, 
            321.8089190270237, 
            483.0
        ], 
        [
            848.1801767406189, 
            325.3901543713531, 
            482.9999999999998
        ], 
        [
            865.3934035179805, 
            334.9005377657798, 
            483.0
        ], 
        [
            882.5750367363156, 
            338.351985670277, 
            483.0
        ], 
        [
            886.5693032373566, 
            331.1292421045895, 
            483.0
        ], 
        [
            868.8812204377073, 
            264.6388188424032, 
            483.0
        ], 
        [
            868.9685290888503, 
            275.8670642744658, 
            483.0
        ], 
        [
            873.1279038855511, 
            289.97915524096646, 
            483.0
        ], 
        [
            881.3076588006072, 
            300.8706726780202, 
            483.0
        ], 
        [
            893.5212668169363, 
            309.5766958119696, 
            483.0
        ], 
        [
            900.6891225479484, 
            322.52367180813167, 
            483.0
        ], 
        [
            574.1873172303441, 
            310.13802552685837, 
            483.0
        ], 
        [
            549.9644295650089, 
            315.01617490067315, 
            483.0
        ], 
        [
            530.6421256281337, 
            318.70738302002223, 
            482.9999999999998
        ], 
        [
            517.7412515082912, 
            310.2248593352673, 
            483.0000000000002
        ], 
        [
            517.2662996189471, 
            296.2933800368539, 
            483.0
        ], 
        [
            532.6664087313465, 
            291.71677252714323, 
            483.0
        ], 
        [
            594.7537055688864, 
            311.3803942492156, 
            483.0
        ], 
        [
            613.1636078385404, 
            303.69740246956553, 
            483.0
        ], 
        [
            609.8419306700426, 
            289.7854008302721, 
            482.9999999999998
        ], 
        [
            599.8687126267931, 
            284.14343389767055, 
            483.0
        ], 
        [
            587.8240603666023, 
            274.56593840745, 
            483.0
        ], 
        [
            630.2523943304898, 
            203.03807671529927, 
            483.0
        ], 
        [
            609.4329689335118, 
            201.9045557323222, 
            483.0000000000002
        ], 
        [
            589.7034294244929, 
            202.7602204274723, 
            483.0
        ], 
        [
            569.038829100242, 
            203.65643845257807, 
            483.0
        ], 
        [
            545.3256476624354, 
            199.6175352206177, 
            483.0
        ], 
        [
            432.727198269784, 
            212.58565811371818, 
            482.9999999999998
        ], 
        [
            452.6525232346436, 
            201.6492750041844, 
            483.0
        ], 
        [
            477.8556764954947, 
            199.53516160689708, 
            483.0
        ], 
        [
            499.34722610667257, 
            200.61491793480792, 
            483.0
        ], 
        [
            519.0373665638833, 
            204.81347630930037, 
            483.0
        ], 
        [
            462.10682092357524, 
            220.377378135374, 
            483.0
        ], 
        [
            487.8116061936254, 
            232.36772873342534, 
            483.0
        ], 
        [
            510.212369219091, 
            232.4380611036524, 
            483.0
        ], 
        [
            527.1165912057008, 
            241.80350866640418, 
            482.9999999999998
        ], 
        [
            612.8858025056525, 
            220.040794783048, 
            483.0
        ], 
        [
            598.1548545501186, 
            222.68993553959325, 
            483.0
        ], 
        [
            586.7528661182953, 
            237.33048742124083, 
            483.0000000000002
        ], 
        [
            583.2344729765715, 
            251.602374217786, 
            483.0
        ], 
        [
            540.1259017939302, 
            251.3322499928588, 
            483.0
        ], 
        [
            542.4646649766972, 
            263.29537392953705, 
            483.0
        ], 
        [
            541.7798757986687, 
            272.35103941368857, 
            483.0
        ], 
        [
            588.4001946700613, 
            260.4621008882084, 
            483.0
        ], 
        [
            1176.501395693669, 
            301.6580655032857, 
            702.0
        ], 
        [
            525.4356006950861, 
            302.2528996202818, 
            702.0
        ], 
        [
            533.8547911196315, 
            314.8427147617551, 
            701.9999999999998
        ], 
        [
            535.4288398111737, 
            329.99069366960714, 
            702.0
        ], 
        [
            549.3724704580889, 
            334.20748656105565, 
            702.0
        ], 
        [
            568.9722831914527, 
            333.5663361270972, 
            702.0
        ], 
        [
            594.6255617086692, 
            342.09268310266253, 
            702.0
        ], 
        [
            609.236560445584, 
            324.04218335966624, 
            702.0
        ], 
        [
            610.9815492459154, 
            300.49968632587604, 
            702.0
        ], 
        [
            608.3446024708753, 
            287.65314400665744, 
            702.0
        ], 
        [
            663.7556763944938, 
            265.65104009445594, 
            702.0
        ], 
        [
            642.7857652461611, 
            267.580635011064, 
            702.0000000000002
        ], 
        [
            623.0779826129458, 
            271.8215752329914, 
            702.0
        ], 
        [
            706.8783471951455, 
            255.81775644456053, 
            702.0
        ], 
        [
            683.5487942465761, 
            261.39452144106417, 
            702.0
        ], 
        [
            881.1082886881193, 
            286.50429305716835, 
            701.9999999999998
        ], 
        [
            858.4485440693759, 
            281.3346228537744, 
            702.0
        ], 
        [
            823.9936554114608, 
            277.77514281597365, 
            702.0
        ], 
        [
            795.5944244574022, 
            277.5787199564855, 
            702.0
        ], 
        [
            772.0198880245872, 
            279.58856279204895, 
            702.0
        ], 
        [
            752.6906560697958, 
            252.9764444445837, 
            702.0
        ], 
        [
            732.6645751750865, 
            252.51353581658066, 
            702.0
        ], 
        [
            765.8608005670483, 
            264.3796265813971, 
            702.0
        ], 
        [
            1043.2787176349043, 
            355.05197015125356, 
            702.0
        ], 
        [
            1025.15919190806, 
            341.31763309684214, 
            702.0
        ], 
        [
            1008.2471527820042, 
            327.54934100103867, 
            702.0
        ], 
        [
            991.2866694748951, 
            306.62344541756676, 
            702.0000000000002
        ], 
        [
            970.8687786732437, 
            303.72380576080127, 
            702.0
        ], 
        [
            946.8937735715251, 
            300.94932609138095, 
            702.0
        ], 
        [
            936.041755099118, 
            291.7747218736272, 
            702.0
        ], 
        [
            919.3078119532481, 
            291.15277289149645, 
            702.0
        ], 
        [
            901.4194644813027, 
            291.76325467436124, 
            702.0
        ], 
        [
            970.983705294185, 
            171.65553819718508, 
            702.0000000000002
        ], 
        [
            991.5062571572462, 
            172.05376691936488, 
            702.0
        ], 
        [
            1010.847371797928, 
            171.2909015505286, 
            702.0
        ], 
        [
            1030.269743322982, 
            178.99786349818987, 
            702.0
        ], 
        [
            1046.0549170007448, 
            183.22365506819546, 
            702.0
        ], 
        [
            1049.7514728341184, 
            195.17872149423437, 
            702.0
        ], 
        [
            1064.334192177036, 
            199.4593725061119, 
            702.0
        ], 
        [
            1076.503456367168, 
            205.04523818981488, 
            702.0
        ], 
        [
            1093.5320234915946, 
            205.6120460859956, 
            702.0
        ], 
        [
            1105.7243547248759, 
            212.41538234338594, 
            702.0
        ], 
        [
            1119.1450437806027, 
            221.5964742204581, 
            702.0
        ], 
        [
            1126.479155320976, 
            235.83913715438285, 
            702.0
        ], 
        [
            1122.847398860755, 
            252.87718585357425, 
            702.0000000000002
        ], 
        [
            1132.6042636495847, 
            264.59585742068447, 
            702.0
        ], 
        [
            1150.8908272653089, 
            273.60681268851005, 
            702.0
        ], 
        [
            1169.1949349103752, 
            277.80051589947175, 
            702.0
        ], 
        [
            1167.9547802539632, 
            310.36471596020533, 
            702.0
        ], 
        [
            1169.1626405367733, 
            328.3526367126014, 
            702.0
        ], 
        [
            1152.1175407298451, 
            330.0989860363519, 
            702.0
        ], 
        [
            1124.1664578212876, 
            326.1993601069236, 
            702.0
        ], 
        [
            1105.9759398063338, 
            326.7855148308127, 
            702.0
        ], 
        [
            1093.8622884350511, 
            325.97862017224253, 
            702.0
        ], 
        [
            1057.6402499973472, 
            334.31744117193426, 
            702.0
        ], 
        [
            1075.7206795942611, 
            326.56418411592375, 
            701.9999999999998
        ], 
        [
            1054.0767583239794, 
            346.3685121384675, 
            702.0
        ], 
        [
            1229.1209030933996, 
            298.7011027983048, 
            702.0
        ], 
        [
            1243.9704173435737, 
            267.9675234415161, 
            702.0
        ], 
        [
            1218.1657884350684, 
            271.2815469640432, 
            702.0
        ], 
        [
            1196.1012613581752, 
            273.252430062551, 
            701.9999999999998
        ], 
        [
            1196.0567363296927, 
            297.39158659859805, 
            701.9999999999998
        ], 
        [
            1213.1772040216888, 
            302.85035480457435, 
            702.0
        ], 
        [
            1266.1185489183113, 
            269.6241263068669, 
            701.9999999999998
        ], 
        [
            1252.455954197189, 
            296.71535188104207, 
            702.0
        ], 
        [
            639.2696992454984, 
            114.35232693888639, 
            702.0
        ], 
        [
            631.3395663788266, 
            126.65193831322347, 
            702.0
        ], 
        [
            617.4035907584046, 
            132.01757706832393, 
            702.0
        ], 
        [
            594.2700182151134, 
            142.5272681320149, 
            702.0
        ], 
        [
            573.9033263268108, 
            167.16068688746668, 
            702.0
        ], 
        [
            588.2329341230244, 
            180.83836612947385, 
            702.0
        ], 
        [
            607.3686587781028, 
            200.26095491788533, 
            702.0
        ], 
        [
            605.271375266845, 
            209.82680340337146, 
            702.0
        ], 
        [
            605.942039291071, 
            189.63623225021172, 
            702.0
        ], 
        [
            585.6450136657502, 
            216.49857383809615, 
            702.0
        ], 
        [
            562.4618132778353, 
            218.56434765948097, 
            702.0
        ], 
        [
            545.181143356958, 
            222.76448918792914, 
            702.0
        ], 
        [
            527.8016612669771, 
            222.2435291045702, 
            702.0
        ], 
        [
            514.0114494161448, 
            225.1247047053642, 
            702.0
        ], 
        [
            499.3310912773087, 
            236.276544288273, 
            702.0
        ], 
        [
            497.5808271339915, 
            255.15261274245108, 
            702.0
        ], 
        [
            511.6339341390996, 
            262.8648167733141, 
            702.0000000000002
        ], 
        [
            513.1567461474458, 
            275.72289307247905, 
            702.0
        ], 
        [
            517.0130035269636, 
            289.657990132527, 
            702.0
        ], 
        [
            743.3037207332643, 
            61.68236059175342, 
            702.0
        ], 
        [
            756.5185192702445, 
            69.5470744053913, 
            702.0
        ], 
        [
            770.9901594108564, 
            80.98307628638827, 
            702.0
        ], 
        [
            787.8453504540007, 
            92.31835439171766, 
            702.0
        ], 
        [
            802.3825753008576, 
            107.37784191427983, 
            702.0
        ], 
        [
            818.0200216472507, 
            116.36144248404929, 
            702.0
        ], 
        [
            831.2973498140975, 
            126.65494218033587, 
            702.0
        ], 
        [
            843.3840810900163, 
            137.0002310236411, 
            702.0
        ], 
        [
            859.0086781887321, 
            143.58772911193643, 
            702.0000000000002
        ], 
        [
            880.6436203891271, 
            151.1419752564069, 
            701.9999999999998
        ], 
        [
            889.2253097986479, 
            167.66293171178944, 
            702.0
        ], 
        [
            902.5220250880461, 
            177.97099441985182, 
            702.0
        ], 
        [
            918.1687743572434, 
            183.3762160958001, 
            702.0
        ], 
        [
            933.8531938795134, 
            191.19308475887965, 
            702.0
        ], 
        [
            953.0021173457179, 
            182.0157224340735, 
            702.0
        ], 
        [
            703.2852538099139, 
            76.7398773188828, 
            702.0
        ], 
        [
            692.8010997541887, 
            84.42617194630941, 
            702.0
        ], 
        [
            677.7212702663562, 
            97.10654502062823, 
            702.0
        ], 
        [
            662.7837398898146, 
            114.54528136974722, 
            702.0
        ], 
        [
            727.9747047276096, 
            67.20010579607856, 
            701.9999999999998
        ], 
        [
            717.4077217446772, 
            72.49683423114004, 
            702.0
        ], 
        [
            368.5532973160605, 
            184.68497511650372, 
            863.0000000000002
        ], 
        [
            357.07722387008465, 
            199.49621307988303, 
            863.0
        ], 
        [
            350.84207833191454, 
            223.49164548850825, 
            863.0
        ], 
        [
            349.59694894875605, 
            237.71047834254102, 
            863.0
        ], 
        [
            353.2688543801745, 
            257.5408424439353, 
            863.0
        ], 
        [
            348.82917132462353, 
            274.10186724445117, 
            862.9999999999998
        ], 
        [
            331.85972059056735, 
            272.4547514899304, 
            863.0
        ], 
        [
            309.759390598928, 
            276.84895231411156, 
            863.0
        ], 
        [
            296.5450617187123, 
            279.71205839977625, 
            863.0
        ], 
        [
            301.8219085544572, 
            289.96359124915597, 
            863.0
        ], 
        [
            320.1042546917301, 
            295.03894205421136, 
            863.0
        ], 
        [
            331.8630849415799, 
            302.68887400887485, 
            863.0000000000002
        ], 
        [
            346.36700293814806, 
            302.11740322420854, 
            863.0
        ], 
        [
            356.04270012168587, 
            312.1571411567385, 
            863.0
        ], 
        [
            370.31337068945123, 
            308.1281394369174, 
            863.0
        ], 
        [
            383.0815977976363, 
            314.5737580686461, 
            863.0
        ], 
        [
            395.18208558789183, 
            327.96339590676837, 
            863.0
        ], 
        [
            409.40775662812416, 
            340.0867224130795, 
            863.0
        ], 
        [
            433.1480925755599, 
            343.7891186672602, 
            863.0000000000002
        ], 
        [
            483.3616353602011, 
            359.13556938271535, 
            863.0
        ], 
        [
            503.15711621777734, 
            351.51201808717667, 
            863.0
        ], 
        [
            511.298454507759, 
            335.0766470809267, 
            863.0
        ], 
        [
            509.02945400338723, 
            313.16376320720565, 
            863.0
        ], 
        [
            498.8342636330143, 
            291.4438861736003, 
            863.0000000000002
        ], 
        [
            388.0991902263318, 
            187.4128045610857, 
            863.0
        ], 
        [
            405.6116707172587, 
            193.81344071877766, 
            863.0
        ], 
        [
            422.2746427770425, 
            205.01279446982915, 
            863.0
        ], 
        [
            443.8780374006245, 
            223.1028942682663, 
            863.0
        ], 
        [
            452.86840643631433, 
            240.4768247040612, 
            863.0
        ], 
        [
            459.2886092081652, 
            253.18191325295118, 
            863.0
        ], 
        [
            469.6165703788736, 
            275.07239836010496, 
            863.0
        ], 
        [
            484.7665917193549, 
            282.65677377054027, 
            862.9999999999998
        ], 
        [
            448.16366721327586, 
            351.2664316328846, 
            862.9999999999998
        ], 
        [
            466.38647343833645, 
            356.32447953731923, 
            863.0
        ], 
        [
            441.7825903689927, 
            281.8846998297545, 
            980.0
        ], 
        [
            805.0024210510882, 
            381.2380044663382, 
            980.0
        ], 
        [
            790.0607197324875, 
            380.1246484916058, 
            980.0
        ], 
        [
            767.1470513316362, 
            380.92363309801783, 
            980.0
        ], 
        [
            751.2164447605787, 
            382.76680707326847, 
            980.0000000000002
        ], 
        [
            732.3308017197113, 
            384.5823206754681, 
            980.0
        ], 
        [
            720.4652962653063, 
            380.53596267438246, 
            980.0
        ], 
        [
            702.6278440417198, 
            380.38783086892226, 
            980.0
        ], 
        [
            688.7628607858119, 
            381.25830860382166, 
            980.0
        ], 
        [
            675.9198986404244, 
            379.18073939221637, 
            980.0
        ], 
        [
            661.0891694483747, 
            381.02752708538, 
            980.0
        ], 
        [
            646.2733585552832, 
            383.8556608962596, 
            979.9999999999998
        ], 
        [
            391.3573392396114, 
            227.15444383355361, 
            980.0000000000002
        ], 
        [
            407.0972637110524, 
            235.15319539259667, 
            980.0
        ], 
        [
            414.080059502638, 
            248.08511895459716, 
            980.0
        ], 
        [
            425.936172399684, 
            260.0315707426298, 
            980.0
        ], 
        [
            438.75449694223073, 
            270.9844454191783, 
            980.0
        ], 
        [
            451.6523522416292, 
            292.8083806399998, 
            980.0
        ], 
        [
            464.47116380333057, 
            306.70229708892447, 
            980.0
        ], 
        [
            475.30426824264634, 
            317.61561758229504, 
            980.0
        ], 
        [
            486.11409240969044, 
            325.56734319412817, 
            980.0
        ], 
        [
            503.76108480327224, 
            330.6080714605666, 
            980.0
        ], 
        [
            511.659424485058, 
            345.42845984438907, 
            980.0
        ], 
        [
            526.3971308547235, 
            359.2995928064704, 
            980.0
        ], 
        [
            540.1407860330925, 
            371.1905544268753, 
            980.0
        ], 
        [
            555.8278958934641, 
            376.22503348561503, 
            980.0
        ], 
        [
            573.4846378309666, 
            379.3153561646169, 
            980.0000000000002
        ], 
        [
            588.2108534039891, 
            381.40176175307073, 
            980.0
        ], 
        [
            603.9319993325151, 
            383.4981350204139, 
            980.0000000000002
        ], 
        [
            617.7010928973863, 
            384.59705761380627, 
            980.0
        ], 
        [
            631.4819342202167, 
            385.6969178053407, 
            980.0
        ], 
        [
            345.72767766209375, 
            244.86447761546216, 
            980.0
        ], 
        [
            362.2629586841945, 
            242.94156259368725, 
            979.9999999999998
        ], 
        [
            372.87753347621367, 
            234.05104014400237, 
            980.0
        ], 
        [
            335.97968111484175, 
            243.83986705422717, 
            980.0
        ], 
        [
            326.33019915228755, 
            248.75241771225978, 
            980.0
        ], 
        [
            324.6044567531239, 
            262.57917299037126, 
            980.0
        ], 
        [
            297.8993176311229, 
            343.9070775915654, 
            980.0
        ], 
        [
            290.888063120756, 
            329.2048460885959, 
            979.9999999999998
        ], 
        [
            305.1985682510659, 
            319.51078599255425, 
            980.0
        ], 
        [
            316.6063052414012, 
            307.815056487588, 
            980.0
        ], 
        [
            323.1636142981194, 
            294.09972487496555, 
            979.9999999999998
        ], 
        [
            327.77949004739105, 
            279.359406129592, 
            980.0
        ], 
        [
            316.32805351636455, 
            349.8968892175403, 
            980.0
        ], 
        [
            334.64846033835016, 
            348.0774442732315, 
            980.0
        ], 
        [
            351.1033692586359, 
            349.1743370058249, 
            980.0
        ], 
        [
            369.48768188589275, 
            348.3302788727235, 
            980.0
        ], 
        [
            385.98151400675704, 
            349.42867392556525, 
            980.0
        ], 
        [
            404.4032987636208, 
            347.6042059779563, 
            980.0000000000002
        ], 
        [
            419.0214662799279, 
            351.62894611572654, 
            980.0
        ], 
        [
            436.57558344386035, 
            356.6574755665728, 
            980.0
        ], 
        [
            453.1591795575782, 
            360.7020334716683, 
            980.0
        ], 
        [
            465.87543819225385, 
            367.65733783859537, 
            980.0
        ], 
        [
            477.6233958433746, 
            375.58375833580624, 
            980.0
        ], 
        [
            494.27176249636256, 
            388.4405169904914, 
            980.0
        ], 
        [
            507.97816682408165, 
            399.31169313198336, 
            980.0
        ], 
        [
            579.3658659159672, 
            432.2087026317264, 
            980.0
        ], 
        [
            566.6527590169253, 
            434.0288545462547, 
            980.0
        ], 
        [
            550.0389780247611, 
            429.9612524769865, 
            980.0
        ], 
        [
            534.4070464515664, 
            423.9568613045804, 
            979.9999999999998
        ], 
        [
            518.7630064438627, 
            413.07837560875316, 
            980.0000000000002
        ], 
        [
            680.7732856299484, 
            393.0062850889125, 
            980.0
        ], 
        [
            667.9179207923478, 
            395.84328170257737, 
            980.0
        ], 
        [
            656.055099036847, 
            400.6496242914507, 
            980.0
        ], 
        [
            644.2178630617868, 
            403.48686037888893, 
            980.0000000000002
        ], 
        [
            630.417556416924, 
            409.24296479198136, 
            980.0
        ], 
        [
            621.5497841712738, 
            416.01501840861374, 
            980.0000000000002
        ], 
        [
            606.8081082223144, 
            422.71908690835136, 
            980.0
        ], 
        [
            595.0367799098839, 
            426.51073671001996, 
            979.9999999999998
        ], 
        [
            955.5539606810098, 
            419.2184319991452, 
            980.0
        ], 
        [
            940.5881192273396, 
            414.12375562814356, 
            980.0
        ], 
        [
            923.5119516462478, 
            413.9629417754711, 
            980.0
        ], 
        [
            906.5179160640117, 
            410.8342992620322, 
            980.0000000000002
        ], 
        [
            892.5043505575761, 
            409.7144950841807, 
            980.0
        ], 
        [
            873.5355890599092, 
            406.5718607694948, 
            980.0
        ], 
        [
            862.5845045695864, 
            403.50480278094295, 
            980.0
        ], 
        [
            848.6730975541902, 
            398.4342853641591, 
            980.0
        ], 
        [
            836.748397094419, 
            394.3721882897203, 
            980.0
        ], 
        [
            825.826199707839, 
            390.3200943836355, 
            980.0
        ], 
        [
            823.3381278050468, 
            421.8928070146984, 
            980.0
        ], 
        [
            838.241510786579, 
            424.9949223531205, 
            980.0
        ], 
        [
            856.0624874599114, 
            433.0553892555901, 
            980.0
        ], 
        [
            873.9991401127957, 
            435.2080755653148, 
            980.0
        ], 
        [
            893.013270092305, 
            434.41537594840554, 
            980.0
        ], 
        [
            913.0360785651669, 
            434.61851541583934, 
            980.0
        ], 
        [
            929.0526353637971, 
            435.7685213058896, 
            980.0
        ], 
        [
            951.1570550112067, 
            435.00526809652155, 
            980.0
        ], 
        [
            712.3665677408322, 
            400.1744119149032, 
            979.9999999999998
        ], 
        [
            729.1937821367185, 
            401.3104599909786, 
            980.0
        ], 
        [
            757.9146494292191, 
            405.5111113066903, 
            980.0
        ], 
        [
            775.7448158371074, 
            409.6163706910241, 
            980.0
        ], 
        [
            795.5781282985138, 
            413.7435715627902, 
            980.0
        ], 
        [
            810.450364378334, 
            417.8267522983455, 
            980.0
        ], 
        [
            696.5682300473114, 
            396.0971675935909, 
            980.0
        ], 
        [
            744.0238753558676, 
            405.3836721837637, 
            980.0
        ], 
        [
            467.25838351883675, 
            280.4026493108812, 
            1141.0
        ], 
        [
            450.51386874490197, 
            310.8102708415727, 
            1141.0000000000002
        ], 
        [
            430.412861492665, 
            316.8977430759006, 
            1141.0
        ], 
        [
            411.2564262331947, 
            324.7428413196341, 
            1141.0
        ], 
        [
            386.8587529127608, 
            328.1236804903005, 
            1141.0000000000002
        ], 
        [
            365.144365948195, 
            332.39398642176684, 
            1141.0
        ], 
        [
            348.70709048452755, 
            337.5684436778594, 
            1141.0
        ], 
        [
            333.21674582786096, 
            345.3734348830781, 
            1141.0
        ], 
        [
            323.8713801172126, 
            355.834448357793, 
            1140.9999999999998
        ], 
        [
            311.12200098624527, 
            367.9948031513143, 
            1140.9999999999998
        ], 
        [
            305.32778907567723, 
            381.05226396732553, 
            1140.9999999999998
        ], 
        [
            296.13485221698437, 
            395.7905115681784, 
            1141.0
        ], 
        [
            290.42626485432766, 
            411.3886126898597, 
            1141.0
        ], 
        [
            286.30651018979535, 
            420.0267132203277, 
            1141.0
        ], 
        [
            278.7963095525542, 
            430.34798445927015, 
            1141.0
        ], 
        [
            268.67347055885267, 
            438.0268810637241, 
            1140.9999999999998
        ], 
        [
            258.78626357453123, 
            455.1808834172652, 
            1141.0000000000002
        ], 
        [
            249.7242801766967, 
            469.70986996827884, 
            1141.0
        ], 
        [
            244.01553781030947, 
            480.80764180574295, 
            1140.9999999999998
        ], 
        [
            229.86849107889043, 
            494.34289247814957, 
            1141.0
        ], 
        [
            220.68640387653022, 
            501.0667599068685, 
            1141.0
        ], 
        [
            315.6052183727102, 
            283.5571241581252, 
            1141.0
        ], 
        [
            299.2648435649921, 
            292.3244713508701, 
            1141.0
        ], 
        [
            287.262632198422, 
            299.3276068440369, 
            1141.0
        ], 
        [
            277.84340895012235, 
            304.56868457205405, 
            1141.0
        ], 
        [
            267.5541171857266, 
            308.9167694948465, 
            1141.0000000000002
        ], 
        [
            256.4757561164665, 
            315.8916335642341, 
            1141.0
        ], 
        [
            247.14327917731055, 
            322.86386821849146, 
            1141.0
        ], 
        [
            233.5627859774836, 
            331.549694273327, 
            1141.0000000000002
        ], 
        [
            225.10739372016326, 
            337.6246343483034, 
            1141.0
        ], 
        [
            210.72004846266748, 
            346.2705152501798, 
            1141.0000000000002
        ], 
        [
            198.82175075592863, 
            350.55180279984927, 
            1141.0
        ], 
        [
            192.98648700504322, 
            356.6145047348239, 
            1141.0
        ], 
        [
            182.14582933150376, 
            366.9821903831765, 
            1140.9999999999998
        ], 
        [
            172.03495353982976, 
            372.11900273398896, 
            1140.9999999999998
        ], 
        [
            168.11653592008798, 
            384.24158534248744, 
            1141.0
        ], 
        [
            165.13456105984, 
            398.9447209283282, 
            1141.0000000000002
        ], 
        [
            157.85279025879674, 
            411.8445768712522, 
            1141.0
        ], 
        [
            155.6622850724022, 
            423.90270950374116, 
            1141.0000000000002
        ], 
        [
            153.5019005855874, 
            436.79866588913666, 
            1141.0000000000002
        ], 
        [
            156.43650273805912, 
            449.725520171894, 
            1141.0
        ], 
        [
            157.64477842512417, 
            461.7540203882777, 
            1141.0
        ], 
        [
            158.1062738980105, 
            477.17718884544723, 
            1141.0000000000002
        ], 
        [
            165.28752938251796, 
            490.9454687402537, 
            1141.0
        ], 
        [
            171.58773204214697, 
            503.83026100516133, 
            1141.0
        ], 
        [
            185.3285182536912, 
            510.83656735332596, 
            1141.0000000000002
        ], 
        [
            201.47565226221195, 
            512.7622852482873, 
            1141.0
        ], 
        [
            388.8432484012211, 
            281.2214545067667, 
            1141.0
        ], 
        [
            368.7207042782196, 
            280.24598338260824, 
            1141.0
        ], 
        [
            354.74970331496957, 
            280.1853616067748, 
            1141.0
        ], 
        [
            337.26244846574065, 
            277.4498169661503, 
            1141.0
        ], 
        [
            407.24293798396985, 
            282.19063969312964, 
            1141.0
        ], 
        [
            423.074565989084, 
            286.7050737007429, 
            1140.9999999999998
        ], 
        [
            445.0546287588397, 
            290.362691279053, 
            1141.0
        ], 
        [
            752.2880217181438, 
            335.5030569330369, 
            1141.0
        ], 
        [
            720.1329052280063, 
            330.94170240607446, 
            1141.0
        ], 
        [
            692.4195789542916, 
            337.14666335248427, 
            1141.0
        ], 
        [
            670.167722712412, 
            336.19657300027404, 
            1141.0
        ], 
        [
            653.2909794462067, 
            331.6849586926084, 
            1141.0000000000002
        ], 
        [
            627.5466834843031, 
            327.1566787721399, 
            1141.0
        ], 
        [
            608.0333285521621, 
            321.7513712945299, 
            1141.0
        ], 
        [
            591.186170954338, 
            316.35323767712487, 
            1141.0
        ], 
        [
            581.4080747691247, 
            307.3837374516911, 
            1141.0
        ], 
        [
            561.9040631711038, 
            301.9827780868777, 
            1141.0
        ], 
        [
            540.720289721007, 
            305.5408384439588, 
            1141.0
        ], 
        [
            522.2508968623239, 
            310.8807577724235, 
            1141.0
        ], 
        [
            494.17383354876665, 
            317.0818005121823, 
            1141.0
        ], 
        [
            469.61603744264517, 
            317.9298839691855, 
            1141.0000000000002
        ], 
        [
            495.385107870837, 
            275.91702588457906, 
            1140.9999999999998
        ], 
        [
            516.5573361099565, 
            274.1182028526007, 
            1141.0
        ], 
        [
            537.8145580952785, 
            276.8181336131096, 
            1141.0000000000002
        ], 
        [
            553.7725138197476, 
            278.6201172992549, 
            1141.0
        ], 
        [
            570.6378753506804, 
            281.32455433220684, 
            1141.0
        ], 
        [
            586.6182580174387, 
            281.32844194086977, 
            1141.0000000000002
        ], 
        [
            603.5174951070323, 
            284.9380323173399, 
            1141.0
        ], 
        [
            634.6783294812382, 
            289.4590931234443, 
            1141.0
        ], 
        [
            648.0369688894073, 
            296.6763623241437, 
            1141.0000000000002
        ], 
        [
            667.6310149667027, 
            304.79808879345956, 
            1141.0
        ], 
        [
            690.8256156421946, 
            308.4271439202313, 
            1141.0
        ], 
        [
            702.4191248024472, 
            312.04305486944395, 
            1141.0
        ], 
        [
            718.4719199808284, 
            317.4660849958195, 
            1141.0
        ], 
        [
            748.9302732565671, 
            317.51826855539105, 
            1141.0
        ], 
        [
            734.597427059578, 
            316.59368906200825, 
            1141.0
        ], 
        [
            766.7536707248266, 
            326.5517942051197, 
            1141.0
        ], 
        [
            479.5418169121679, 
            277.7125741468733, 
            1141.0
        ], 
        [
            619.5357276938105, 
            285.84583994812283, 
            1141.0000000000002
        ]
