        [
            678.9747815332678, 
            315.1627870005632, 
            -4.547473508864641e-13
        ], 
        [
            678.3603720782446, 
            357.51463765579007, 
            0.0
        ], 
        [
            651.9123294613868, 
            373.82673507545013, 
            0.0
        ], 
        [
            625.3490805907263, 
            386.48492414880843, 
            0.0
        ], 
        [
            596.7231410679991, 
            391.95779370858, 
            4.547473508864641e-13
        ], 
        [
            567.6411278040774, 
            386.46076219741076, 
            0.0
        ], 
        [
            548.9554669487578, 
            371.0823209000655, 
            0.0
        ], 
        [
            528.4518643751605, 
            357.5957780272507, 
            0.0
        ], 
        [
            507.71302729125546, 
            340.3565859830468, 
            0.0
        ], 
        [
            510.36014553296485, 
            316.0425316696491, 
            4.547473508864641e-13
        ], 
        [
            512.940373507454, 
            289.778848432776, 
            0.0
        ], 
        [
            540.1584148978365, 
            284.440982781743, 
            0.0
        ], 
        [
            565.5119830084011, 
            279.21861392107894, 
            0.0
        ], 
        [
            590.9564397779777, 
            277.72732468112395, 
            0.0
        ], 
        [
            616.4691218286174, 
            279.95670185723986, 
            0.0
        ], 
        [
            638.0115310277597, 
            273.107965183926, 
            0.0
        ], 
        [
            661.5027228797067, 
            271.7329640141867, 
            0.0
        ], 
        [
            683.7050324967307, 
            290.8415866355059, 
            0.0
        ], 
        [
            685.0182512372538, 
            338.7426415299116, 
            0.0
        ], 
        [
            791.4514290476563, 
            389.4655463749068, 
            161.00000000000045
        ], 
        [
            784.3265481235193, 
            367.4305962795201, 
            161.00000000000045
        ], 
        [
            789.0340415944058, 
            348.05358440565954, 
            161.0
        ], 
        [
            780.1896253483294, 
            325.9513086406754, 
            161.0
        ], 
        [
            771.3387977081127, 
            305.4989847767341, 
            161.0
        ], 
        [
            754.1044281809853, 
            292.47811628691824, 
            161.00000000000045
        ], 
        [
            735.2186756150062, 
            284.7846695405032, 
            160.99999999999955
        ], 
        [
            714.3578100454787, 
            268.3456843957888, 
            161.0
        ], 
        [
            734.7891223982172, 
            265.407003613137, 
            161.0
        ], 
        [
            756.9631967791775, 
            265.9011799921027, 
            160.99999999999955
        ], 
        [
            778.9575454525861, 
            259.3486872116773, 
            161.0
        ], 
        [
            794.1426955590196, 
            253.1893362730675, 
            161.0
        ], 
        [
            819.5688880044625, 
            251.74230083519717, 
            161.0
        ], 
        [
            843.3645986867109, 
            259.18582905769745, 
            161.0
        ], 
        [
            858.7382375874477, 
            274.0982627375439, 
            161.0
        ], 
        [
            865.7100939616932, 
            294.68156238984193, 
            161.0
        ], 
        [
            862.5926342650982, 
            315.7833031797602, 
            161.0
        ], 
        [
            851.1062453065774, 
            337.32717717855286, 
            161.0
        ], 
        [
            841.299615459497, 
            356.9866972055668, 
            160.99999999999955
        ], 
        [
            826.4162485102113, 
            371.73928462628976, 
            161.0
        ], 
        [
            811.547499968153, 
            386.47738209095775, 
            161.0
        ], 
        [
            1105.9931890548496, 
            269.2449365634458, 
            277.99999999999955
        ], 
        [
            1113.0920279202473, 
            289.44555463320046, 
            278.00000000000045
        ], 
        [
            1091.7036785563869, 
            298.1491350496184, 
            277.99999999999955
        ], 
        [
            1086.3587809859316, 
            317.1260181006976, 
            278.0
        ], 
        [
            1084.5856156931345, 
            337.7054474628675, 
            278.0
        ], 
        [
            1057.902058852676, 
            348.5778429174801, 
            278.0
        ], 
        [
            1029.362068168356, 
            348.41432677310775, 
            278.0
        ], 
        [
            1009.7625802107463, 
            358.8820400247853, 
            278.0
        ], 
        [
            990.0734328846462, 
            358.1974660920822, 
            277.99999999999955
        ], 
        [
            966.7591174589728, 
            357.72542805240914, 
            278.0
        ], 
        [
            948.6424715440912, 
            343.8664978661751, 
            278.0
        ], 
        [
            934.0408800460222, 
            327.87041378269817, 
            278.0
        ], 
        [
            908.5585471767312, 
            314.3191396456448, 
            278.0
        ], 
        [
            895.6622700641276, 
            299.9833724998134, 
            278.0
        ], 
        [
            904.5089206462492, 
            284.3694190773973, 
            278.0
        ], 
        [
            928.0200002816307, 
            279.2632138143498, 
            278.0
        ], 
        [
            949.7930345789387, 
            283.70034451807476, 
            278.0
        ], 
        [
            969.670408718808, 
            284.46175313348783, 
            278.0
        ], 
        [
            991.2814033279506, 
            281.3552681413338, 
            278.0
        ], 
        [
            1011.0964792942461, 
            283.99818042691845, 
            278.0
        ], 
        [
            1025.4198811326817, 
            273.7804834250675, 
            278.00000000000045
        ], 
        [
            1043.3446050643988, 
            265.2425538632335, 
            278.0
        ], 
        [
            1066.658812693544, 
            265.8186570619897, 
            278.0
        ], 
        [
            1089.9215602387012, 
            262.63516384549405, 
            278.0
        ], 
        [
            1075.710063925673, 
            356.79505432542874, 
            278.0
        ], 
        [
            1122.020232393723, 
            277.71115797966945, 
            278.0
        ], 
        [
            1041.3697090018463, 
            322.5195596201818, 
            483.0
        ], 
        [
            1034.384092883298, 
            358.8031404634131, 
            483.0
        ], 
        [
            1009.0903387172787, 
            358.3852696226836, 
            483.0
        ], 
        [
            982.1976333774966, 
            358.27068715313453, 
            482.9999999999998
        ], 
        [
            954.1697975326548, 
            362.22497704513114, 
            483.0
        ], 
        [
            927.8744820374247, 
            371.4764135182347, 
            483.0
        ], 
        [
            899.3709690993592, 
            372.4022554377161, 
            483.0
        ], 
        [
            869.2973132643376, 
            366.46747126866256, 
            483.0
        ], 
        [
            841.9529035889086, 
            362.40332761904676, 
            483.0
        ], 
        [
            833.8762126154702, 
            320.1212179993041, 
            483.0
        ], 
        [
            859.5469876661576, 
            273.62385815092404, 
            483.0
        ], 
        [
            888.4777341779197, 
            268.07831846085065, 
            483.0
        ], 
        [
            916.1158211846446, 
            269.960526989762, 
            483.0
        ], 
        [
            941.2876481244839, 
            273.0340471482961, 
            483.0
        ], 
        [
            966.3276928224939, 
            273.1867875041539, 
            483.0
        ], 
        [
            994.534821191744, 
            266.33401125204284, 
            482.99999999999955
        ], 
        [
            1023.9086254716767, 
            254.4102889292028, 
            483.0
        ], 
        [
            1037.1357543758977, 
            271.4341282866028, 
            483.0
        ], 
        [
            1059.222524303796, 
            279.8676354560786, 
            483.00000000000045
        ], 
        [
            1053.8194462205574, 
            300.0920867393577, 
            483.0
        ], 
        [
            1153.2447451094201, 
            295.02045188965894, 
            702.0
        ], 
        [
            1146.1645506782072, 
            317.061848154572, 
            702.0
        ], 
        [
            1117.6820022168413, 
            320.5523790640518, 
            702.0
        ], 
        [
            1093.2868645265264, 
            317.71156909099227, 
            702.0
        ], 
        [
            1065.8843073900061, 
            319.62875958127506, 
            702.0
        ], 
        [
            1039.7883807165701, 
            323.1235887178341, 
            702.0
        ], 
        [
            1006.0119352795557, 
            315.5982487068443, 
            702.0
        ], 
        [
            982.1957995930264, 
            304.68103790061184, 
            702.0
        ], 
        [
            962.573331908173, 
            290.41005723832234, 
            702.0
        ], 
        [
            935.4187772605607, 
            280.9389874948581, 
            702.0
        ], 
        [
            905.1961123504502, 
            277.91734396321135, 
            702.0
        ], 
        [
            882.2363576454355, 
            271.5524859654139, 
            702.0
        ], 
        [
            859.3498145086435, 
            271.701503127023, 
            702.0
        ], 
        [
            1133.2329786295677, 
            273.0883438316737, 
            702.0
        ], 
        [
            1108.7421028777885, 
            260.5244605023612, 
            702.0
        ], 
        [
            1088.3614206195148, 
            244.62366771425127, 
            702.0
        ], 
        [
            1056.1622612605568, 
            235.06064292868587, 
            702.0
        ], 
        [
            1028.2707360054217, 
            238.3604758330548, 
            702.0
        ], 
        [
            1003.0897677475955, 
            236.8031760768896, 
            702.0
        ], 
        [
            983.4455958646923, 
            222.1782805731192, 
            702.0
        ], 
        [
            968.0010166879167, 
            200.86688632134087, 
            702.0000000000005
        ], 
        [
            940.7309086358633, 
            195.86407470062238, 
            702.0
        ], 
        [
            914.7750547711973, 
            190.82740529914736, 
            702.0
        ], 
        [
            831.4013444324344, 
            263.6552111020385, 
            702.0
        ], 
        [
            891.485975442385, 
            179.0993134863395, 
            702.0
        ], 
        [
            875.8348085428381, 
            170.66894957108752, 
            702.0
        ], 
        [
            844.5159022412729, 
            160.40741911834937, 
            702.0
        ], 
        [
            818.2027367211965, 
            165.2972012232201, 
            702.0000000000005
        ], 
        [
            711.6908436988037, 
            248.3987916557311, 
            702.0
        ], 
        [
            670.916828352508, 
            251.3496422886974, 
            701.9999999999999
        ], 
        [
            649.8321246046373, 
            185.1414902034781, 
            702.0000000000001
        ], 
        [
            671.6116792970729, 
            166.77769897251704, 
            702.0
        ], 
        [
            714.8216623743856, 
            161.5326894562245, 
            702.0
        ], 
        [
            735.7835016437284, 
            144.85854118607585, 
            702.0000000000001
        ], 
        [
            740.0493173445011, 
            244.13706680948872, 
            702.0
        ], 
        [
            759.185743128998, 
            249.07909430479765, 
            702.0
        ], 
        [
            776.7279898721986, 
            255.66133785048726, 
            702.0
        ], 
        [
            798.6939959440435, 
            258.87302057608144, 
            702.0000000000005
        ], 
        [
            499.58716234972053, 
            346.3040075979549, 
            863.0000000000005
        ], 
        [
            462.6062284315367, 
            351.2510856130743, 
            863.0
        ], 
        [
            425.56106872341684, 
            343.4657155447893, 
            863.0
        ], 
        [
            387.6748939506931, 
            334.06416461518177, 
            863.0
        ], 
        [
            362.0819707706796, 
            325.0652135091353, 
            863.0000000000005
        ], 
        [
            349.40503244299975, 
            274.5196969880813, 
            863.0
        ], 
        [
            363.5071379548556, 
            258.7595506970441, 
            863.0
        ], 
        [
            359.46688085951655, 
            235.35329544345274, 
            862.9999999999995
        ], 
        [
            357.7021926984696, 
            206.59176529111932, 
            863.0
        ], 
        [
            392.0988161980504, 
            193.51667994523675, 
            863.0
        ], 
        [
            415.46269341877496, 
            201.86567013902862, 
            863.0
        ], 
        [
            440.50106517453446, 
            217.76473600971948, 
            863.0
        ], 
        [
            449.5834584462866, 
            247.81458120067592, 
            863.0
        ], 
        [
            461.4055379364743, 
            267.64149398560835, 
            863.0
        ], 
        [
            479.41800534632466, 
            284.4872190306208, 
            863.0
        ], 
        [
            510.9217515726284, 
            303.2970940758953, 
            863.0
        ], 
        [
            569.0077101849301, 
            367.8522613838704, 
            863.0
        ], 
        [
            346.1954732090719, 
            297.7798697452473, 
            863.0
        ], 
        [
            364.55273006407333, 
            190.7146536104931, 
            863.0
        ], 
        [
            519.5224675642304, 
            363.8110462875195, 
            980.0
        ], 
        [
            539.35978364168, 
            329.75893635132024, 
            980.0
        ], 
        [
            508.2200434507637, 
            314.65464331991734, 
            980.0
        ], 
        [
            474.5670612419083, 
            303.61135100867193, 
            980.0
        ], 
        [
            434.610834743321, 
            272.28709385283287, 
            980.0
        ], 
        [
            413.39241167598766, 
            248.9651061424871, 
            980.0
        ], 
        [
            381.92367752709106, 
            233.59766257374272, 
            980.0
        ], 
        [
            355.1959672962553, 
            245.04500977061164, 
            980.0
        ], 
        [
            322.05675645368956, 
            253.12991405218003, 
            980.0
        ], 
        [
            307.5278887324091, 
            279.4468676595939, 
            980.0
        ], 
        [
            291.02324997540995, 
            298.42193278821816, 
            980.0
        ], 
        [
            289.46441546899314, 
            326.90195552772934, 
            980.0
        ], 
        [
            305.00890583256955, 
            345.4941192738657, 
            980.0
        ], 
        [
            330.4726314627328, 
            347.8710542650565, 
            980.0
        ], 
        [
            357.00854403692847, 
            348.4089543622921, 
            980.0
        ], 
        [
            386.26890875941285, 
            360.5926914022197, 
            980.0
        ], 
        [
            414.67001599022797, 
            363.61182572545573, 
            980.0
        ], 
        [
            439.3812439582309, 
            359.7480171723707, 
            980.0
        ], 
        [
            466.39016994245776, 
            365.9670846120848, 
            980.0
        ], 
        [
            491.3848299340466, 
            364.9861043375415, 
            980.0
        ], 
        [
            453.49942788741896, 
            286.7264117376082, 
            980.0
        ], 
        [
            419.64237289100765, 
            324.1475028664818, 
            1141.0
        ], 
        [
            385.9015968684803, 
            334.1261742023041, 
            1141.0
        ], 
        [
            349.091535388897, 
            340.40603098284146, 
            1141.0
        ], 
        [
            317.61958482211685, 
            355.8181824993337, 
            1141.0
        ], 
        [
            303.77892853589765, 
            380.7847306641799, 
            1141.0
        ], 
        [
            286.26706883502993, 
            405.1594178015333, 
            1141.0
        ], 
        [
            268.1632025228257, 
            434.18378955290945, 
            1141.0
        ], 
        [
            246.68436397932555, 
            464.0911676863162, 
            1141.0
        ], 
        [
            234.62399398386196, 
            490.4879823301043, 
            1141.0
        ], 
        [
            213.85036889201774, 
            517.5144623816541, 
            1141.0
        ], 
        [
            184.95337975956022, 
            528.7588496571664, 
            1141.0
        ], 
        [
            155.43925502456113, 
            493.79931803401587, 
            1141.0
        ], 
        [
            144.01617096764835, 
            472.3747503148795, 
            1141.0
        ], 
        [
            151.17922245387467, 
            452.74050244259024, 
            1141.0
        ], 
        [
            160.23612817267622, 
            401.14513241010843, 
            1141.0
        ], 
        [
            173.36786245884582, 
            377.3093545435953, 
            1141.0
        ], 
        [
            198.61762404131105, 
            352.5360958844418, 
            1141.0
        ], 
        [
            218.04531837245418, 
            339.55408716082866, 
            1141.0
        ], 
        [
            248.55799978617233, 
            322.8784483497594, 
            1141.0
        ], 
        [
            294.8528854742883, 
            295.73025318787484, 
            1141.0
        ], 
        [
            312.4632024384889, 
            284.8294647507694, 
            1141.0
        ], 
        [
            340.3411384808662, 
            274.87034445013546, 
            1141.0
        ], 
        [
            366.95313213358645, 
            273.96695264263565, 
            1141.0
        ], 
        [
            399.962588859001, 
            273.1945615522765, 
            1141.0
        ], 
        [
            431.04031671628763, 
            272.7436324653573, 
            1141.0
        ], 
        [
            458.89495047787796, 
            280.06070327314046, 
            1141.0
        ], 
        [
            535.1902656744296, 
            313.5643714950521, 
            1141.0
        ], 
        [
            455.3351799629961, 
            340.52881332029335, 
            1141.0
        ], 
        [
            168.49287944721232, 
            514.723594633467, 
            1141.0
        ], 
        [
            272.6087693666825, 
            309.08954504946195, 
            1141.0
        ], 
        [
            152.9608995765227, 
            426.78645653277135, 
            1141.0
        ],  
        [
            506.7996634474089, 
            297.6623507021403, 
            1141.0
        ], 
        [
            488.0384987430807, 
            359.22133778592934, 
            1141.0
        ], 
        [
            570.9892498690917, 
            316.6934982821663, 
            1141.0
        ], 
        [
            607.1838746783897, 
            326.91944396993586, 
            1141.0
        ], 
        [
            676.8397862598476, 
            323.7817262037608, 
            1141.0
        ], 
        [
            641.4940451963839, 
            329.56431758324374, 
            1141.0
        ], 
        [
            682.1338502848242, 
            369.43981177315, 
            1141.0
        ], 
        [
            658.5595119406945, 
            375.52695914184926, 
            1141.0
        ], 
        [
            516.9720384983322, 
            369.6213621058633, 
            1141.0
        ], 
        [
            540.9489565292457, 
            389.8749949646971, 
            1141.0
        ], 
        [
            569.9259808498699, 
            400.26636828676453, 
            1141.0
        ], 
        [
            602.3045182197998, 
            398.253562987023, 
            1141.0
        ], 
        [
            631.1126754187416, 
            384.1301179378813, 
            1141.0
        ], 
        [
            774.0839897354707, 
            342.18695378283195, 
            1141.0
        ], 
        [
            705.5989654916478, 
            322.2811432833394, 
            1141.0
        ], 
        [
            726.9277460173173, 
            355.8352885953222, 
            1141.0
        ], 
        [
            734.1114154094689, 
            316.6348295845575, 
            1141.0
        ], 
        [
            765.327633026355, 
            316.3997705737156, 
            1141.0
        ], 
        [
            748.7275288630069, 
            357.39979196699136, 
            1141.0
        ], 
        [
            705.3267457781033, 
            365.3603056921555, 
            1141.0
        ],  
        [
            545.3674525636468, 
            376.0650674537235, 
            980.0
        ], 
        [
            574.2704695741711, 
            385.704127932298, 
            980.0
        ], 
        [
            701.758467280765, 
            388.37852279202457, 
            980.0
        ], 
        [
            659.2317219938186, 
            387.90267396885133, 
            980.0
        ], 
        [
            628.9928556559394, 
            387.4915099702371, 
            980.0
        ], 
        [
            600.1767452746993, 
            385.8523198607902, 
            980.0
        ], 
        [
            571.7324431607453, 
            343.3866355864425, 
            980.0
        ], 
        [
            596.0866213590355, 
            346.94492599578916, 
            980.0
        ], 
        [
            624.9334368475203, 
            352.77408354503336, 
            980.0
        ], 
        [
            659.636840450196, 
            361.5740841634297, 
            980.0
        ], 
        [
            691.4805668615385, 
            360.8825492881233, 
            980.0
        ], 
        [
            679.9598738415516, 
            385.82060458486944, 
            980.0
        ], 
        [
            726.583592005147, 
            355.8071297088984, 
            980.0
        ], 
        [
            753.9298128971825, 
            379.71864873779873, 
            980.0
        ], 
        [
            729.7005484042202, 
            389.9822657198788, 
            980.0
        ], 
        [
            634.775402601635, 
            369.3126110669152, 
            863.0
        ], 
        [
            659.0770686705921, 
            352.1092248225716, 
            863.0
        ], 
        [
            601.0800602254744, 
            365.16932084307996, 
            863.0
        ], 
        [
            527.3502597565252, 
            356.8486735939473, 
            863.0
        ], 
        [
            544.176650795875, 
            301.68248302290044, 
            863.0
        ], 
        [
            575.0323158507524, 
            307.7624166335472, 
            863.0
        ], 
        [
            596.8689890648975, 
            307.520674135769, 
            863.0
        ], 
        [
            628.4230728424377, 
            318.4627637235171, 
            863.0
        ], 
        [
            655.9093743830745, 
            331.7224676875019, 
            863.0
        ], 
        [
            788.1399420108721, 
            152.05258651736057, 
            702.0
        ], 
        [
            758.93248297185, 
            138.92623964386172, 
            702.0
        ], 
        [
            638.3715276260259, 
            204.23533542136357, 
            702.0
        ], 
        [
            611.7904637318261, 
            218.5808881060313, 
            701.9999999999999
        ], 
        [
            596.2735230570756, 
            234.41638073375867, 
            702.0000000000001
        ], 
        [
            639.3333603311494, 
            255.40577318010116, 
            702.0
        ], 
        [
            613.4647428580313, 
            265.8328215267023, 
            702.0
        ], 
        [
            585.4397525146037, 
            253.19432709252578, 
            702.0
        ], 
        [
            791.5150094493673, 
            349.9230711643247, 
            483.0
        ], 
        [
            782.7110240451832, 
            328.3760059145037, 
            483.0
        ], 
        [
            806.2591793903056, 
            318.78978002348, 
            483.0
        ], 
        [
            871.9827073877927, 
            295.18362569898505, 
            483.0
        ], 
        [
            888.8986591218713, 
            307.4716809772484, 
            483.0
        ], 
        [
            892.2321699649872, 
            324.4759872433489, 
            483.0
        ], 
        [
            855.8073201682148, 
            323.42385744818284, 
            483.0
        ], 
        [
            814.8444653211977, 
            360.0647833577657, 
            483.0
        ], 
        [
            1046.8397098434384, 
            345.3718869548816, 
            483.0
        ]
