[
            858.6839664189265, 
            230.58448245684235, 
            0.0
        ], 
        [
            849.8636599081873, 
            272.5977380129517, 
            0.0
        ], 
        [
            837.5510227655375, 
            313.87050554442214, 
            0.0
        ], 
        [
            833.3979255688955, 
            349.8481348898729, 
            0.0
        ], 
        [
            826.0408310011337, 
            383.3287928184028, 
            0.0
        ], 
        [
            816.3594613434886, 
            420.08868956809, 
            0.0
        ], 
        [
            797.692237037476, 
            446.3746001883254, 
            0.0
        ], 
        [
            772.6729823031362, 
            468.2020322125653, 
            4.547473508864641e-13
        ], 
        [
            733.0586112080213, 
            481.16725824538753, 
            0.0
        ], 
        [
            696.0959297173263, 
            488.81330045981736, 
            -4.547473508864641e-13
        ], 
        [
            658.8693363129945, 
            498.2789687919567, 
            0.0
        ], 
        [
            631.0305474000637, 
            504.91970706582015, 
            0.0
        ], 
        [
            609.2879090972418, 
            506.5937506868254, 
            0.0
        ], 
        [
            579.1869285818237, 
            503.8088904275171, 
            0.0
        ], 
        [
            543.20352763953, 
            504.1727288043786, 
            4.547473508864641e-13
        ], 
        [
            506.10804515822724, 
            498.8969083920622, 
            0.0
        ], 
        [
            467.66182908267535, 
            474.9331414456607, 
            0.0
        ], 
        [
            444.65005779806916, 
            456.00721072125134, 
            0.0
        ], 
        [
            417.9107786719908, 
            436.6396315899484, 
            0.0
        ], 
        [
            390.58300116616624, 
            420.89228099933973, 
            0.0
        ], 
        [
            368.0367244669758, 
            394.17010853344345, 
            0.0
        ], 
        [
            343.437529415467, 
            384.22313872552616, 
            0.0
        ], 
        [
            329.28026653688494, 
            294.46750675045735, 
            0.0
        ], 
        [
            325.11819314960326, 
            332.71735204996173, 
            0.0
        ], 
        [
            325.2599337881991, 
            365.32604097338424, 
            0.0
        ], 
        [
            681.331098805957, 
            70.52419986112761, 
            0.0
        ], 
        [
            648.4551630685264, 
            76.01325238855452, 
            4.547473508864641e-13
        ], 
        [
            615.6325146963565, 
            85.34566460283861, 
            0.0
        ], 
        [
            579.1408025555135, 
            96.79591107662861, 
            0.0
        ], 
        [
            544.2942911502323, 
            104.33832433994735, 
            0.0
        ], 
        [
            511.30733061146566, 
            113.7164562053947, 
            0.0
        ], 
        [
            484.5675679702979, 
            140.03689846309987, 
            0.0
        ], 
        [
            459.38211049107633, 
            158.59190610812823, 
            0.0
        ], 
        [
            428.6454350572391, 
            177.4377868666612, 
            4.547473508864641e-13
        ], 
        [
            405.89893295579924, 
            207.26948327473713, 
            4.547473508864641e-13
        ], 
        [
            375.3021260118184, 
            227.98293105894197, 
            0.0
        ], 
        [
            361.93241782878056, 
            257.17797901777715, 
            -4.547473508864641e-13
        ], 
        [
            857.0996084696563, 
            159.87899417332483, 
            0.0
        ], 
        [
            864.6713150418987, 
            191.23598894783447, 
            4.547473508864641e-13
        ], 
        [
            772.6896211969778, 
            75.4731457689353, 
            0.0
        ], 
        [
            743.4425654280844, 
            69.31463176434715, 
            0.0
        ], 
        [
            714.1839125902422, 
            66.95926067426319, 
            0.0
        ], 
        [
            812.620231197081, 
            77.25645738800677, 
            4.547473508864641e-13
        ], 
        [
            836.2232819151942, 
            83.65428223047888, 
            0.0
        ], 
        [
            861.6761965465975, 
            99.39566106372183, 
            0.0
        ], 
        [
            876.3901851671856, 
            126.92053974009082, 
            4.547473508864641e-13
        ], 
        [
            1046.0087328002858, 
            202.0959549245888, 
            161.0
        ], 
        [
            1045.9141851983486, 
            228.380786885166, 
            161.00000000000045
        ], 
        [
            1035.8607797185907, 
            258.6074755478512, 
            161.0
        ], 
        [
            1035.7741017979276, 
            289.85823683467686, 
            161.0
        ], 
        [
            1014.227992793186, 
            311.8931546450461, 
            161.0
        ], 
        [
            1005.9434982130924, 
            341.68998731628136, 
            161.0
        ], 
        [
            984.4686367843198, 
            355.04215126875044, 
            160.99999999999955
        ], 
        [
            956.3884950967108, 
            372.2367655313468, 
            161.0
        ], 
        [
            934.956977213332, 
            392.43314795116333, 
            161.00000000000045
        ], 
        [
            915.120949060043, 
            400.538769580272, 
            161.0
        ], 
        [
            895.3801711660649, 
            420.60396885690733, 
            160.99999999999955
        ], 
        [
            669.6498080555189, 
            136.61557060595567, 
            161.0
        ], 
        [
            640.0458725916856, 
            134.51441335157938, 
            161.0
        ], 
        [
            605.4133091646977, 
            141.7396542816556, 
            161.0
        ], 
        [
            568.8305471726447, 
            145.44444131119724, 
            161.00000000000045
        ], 
        [
            534.313052112467, 
            159.95392339345096, 
            161.0
        ], 
        [
            501.51698028741737, 
            174.38468428315093, 
            161.0
        ], 
        [
            472.12998987124575, 
            186.82997079987058, 
            161.0
        ], 
        [
            450.25157799676344, 
            209.7472840964108, 
            160.99999999999955
        ], 
        [
            421.2885634384796, 
            231.21472125628304, 
            161.0
        ], 
        [
            399.5653361432206, 
            255.8666035648123, 
            161.0
        ], 
        [
            379.7345447153938, 
            282.1616650033304, 
            161.00000000000045
        ], 
        [
            365.6003924835438, 
            315.2182780837072, 
            161.0
        ], 
        [
            374.66843069285676, 
            353.8610418708421, 
            160.99999999999955
        ], 
        [
            373.1212157343433, 
            391.1192973065256, 
            161.0
        ], 
        [
            452.0404011035653, 
            513.2781766213718, 
            161.0
        ], 
        [
            427.0108152054686, 
            494.23860005967384, 
            161.0
        ], 
        [
            406.7622998892709, 
            469.5556705617295, 
            161.00000000000045
        ], 
        [
            390.7874140764596, 
            428.69345776077336, 
            161.0
        ], 
        [
            481.7518461541497, 
            525.0227435443594, 
            161.00000000000045
        ], 
        [
            509.4044867151862, 
            531.709153883083, 
            161.0
        ], 
        [
            538.5155001416014, 
            534.8477064145418, 
            161.0
        ], 
        [
            577.8026832555224, 
            540.6759914387146, 
            161.0
        ], 
        [
            613.7003453010796, 
            551.7886872742062, 
            161.0
        ], 
        [
            648.0841850814459, 
            574.7517371954198, 
            161.0
        ], 
        [
            689.8820928074648, 
            571.8020067228083, 
            161.0
        ], 
        [
            846.4271870557618, 
            491.80644561255946, 
            161.0
        ], 
        [
            828.4979864482531, 
            513.2960165161646, 
            161.0
        ], 
        [
            805.5503718155218, 
            530.0454820216321, 
            161.0
        ], 
        [
            784.210544254591, 
            543.3103781611275, 
            161.0
        ], 
        [
            751.2852910991592, 
            559.0680805557188, 
            161.0
        ], 
        [
            721.5867870100718, 
            571.2454559682088, 
            161.0
        ], 
        [
            866.0837700741823, 
            473.5552356926045, 
            161.0
        ], 
        [
            869.0701815011757, 
            444.4788832945452, 
            161.0
        ], 
        [
            970.5834671489231, 
            105.01428227898145, 
            161.0
        ], 
        [
            943.4616954259645, 
            95.62292608826112, 
            161.0
        ], 
        [
            912.798141140827, 
            82.75823700995488, 
            161.0
        ], 
        [
            878.6526233141996, 
            79.03512561338323, 
            161.0
        ], 
        [
            842.7542748309918, 
            82.620344528126, 
            161.0
        ], 
        [
            805.0636217326419, 
            88.11159387951625, 
            161.0
        ], 
        [
            770.647702633386, 
            89.8217300357743, 
            161.00000000000045
        ], 
        [
            738.1302764151269, 
            104.14341210104942, 
            161.0
        ], 
        [
            700.3518437473156, 
            116.92967694159665, 
            161.0
        ], 
        [
            997.5978226336172, 
            126.85479862297473, 
            161.0
        ], 
        [
            1011.0292326421888, 
            156.36342296778855, 
            161.0
        ], 
        [
            1031.0703422702043, 
            180.03837607254115, 
            161.0
        ], 
        [
            1292.4555532258887, 
            225.1487544373814, 
            278.0
        ], 
        [
            1304.1642149306022, 
            261.8104209754331, 
            278.0
        ], 
        [
            1317.6071743684488, 
            294.42269118170293, 
            278.0
        ], 
        [
            1325.6713159815963, 
            330.8200685441195, 
            278.0
        ], 
        [
            1314.700196372018, 
            360.8235613844637, 
            278.0
        ], 
        [
            1288.2638601388326, 
            382.549289399307, 
            278.0
        ], 
        [
            1263.6439346778877, 
            400.4964592854829, 
            278.0
        ], 
        [
            1239.0369796449215, 
            418.43417412764956, 
            278.0
        ], 
        [
            1204.1157596630146, 
            420.62753389815276, 
            278.0
        ], 
        [
            1169.0702857010726, 
            426.4800010804736, 
            278.00000000000045
        ], 
        [
            1137.47148356566, 
            428.46946956156614, 
            278.0
        ], 
        [
            1102.264411565323, 
            430.68611561544196, 
            278.0
        ], 
        [
            1072.2575552027988, 
            432.57535479280546, 
            278.0
        ], 
        [
            1038.6102857859212, 
            429.1864150093939, 
            278.00000000000045
        ], 
        [
            1004.9011514621318, 
            434.9783099319527, 
            278.0
        ], 
        [
            981.7151568320019, 
            440.045706369046, 
            278.00000000000045
        ], 
        [
            619.7117770455384, 
            376.6874531434206, 
            278.0
        ], 
        [
            958.8823738869387, 
            465.43659846925044, 
            278.0
        ], 
        [
            941.3426776787898, 
            490.3705371996088, 
            278.0
        ], 
        [
            911.2309229168166, 
            505.12838962071254, 
            278.0
        ], 
        [
            879.1990459639308, 
            512.7125892782312, 
            278.0
        ], 
        [
            855.620945095006, 
            495.94214466433164, 
            278.0
        ], 
        [
            822.9354891909509, 
            479.6691212760476, 
            278.0
        ], 
        [
            799.2259637439477, 
            468.27033109397223, 
            278.0
        ], 
        [
            773.475307068782, 
            451.3867598215271, 
            278.0
        ], 
        [
            365.4052391493659, 
            322.5258611206742, 
            278.0
        ], 
        [
            394.5060937033134, 
            334.35766163509106, 
            278.0
        ], 
        [
            429.2210546303422, 
            347.7234173907417, 
            278.0
        ], 
        [
            460.0133977520727, 
            361.240509687864, 
            278.0
        ], 
        [
            499.814324926864, 
            370.34470354045817, 
            278.0
        ], 
        [
            535.1312183623924, 
            366.3596612375006, 
            278.0
        ], 
        [
            575.9234761589101, 
            362.05732804443335, 
            278.0
        ], 
        [
            602.4059353359968, 
            367.80336362828416, 
            278.0
        ], 
        [
            636.4660764246008, 
            396.2778269121123, 
            277.99999999999955
        ], 
        [
            668.3298061007306, 
            413.13990822941105, 
            278.00000000000045
        ], 
        [
            696.1965243602696, 
            424.5394014436226, 
            278.0
        ], 
        [
            720.2480626631346, 
            434.2555679895609, 
            278.0
        ], 
        [
            748.0427311642424, 
            451.13073190589375, 
            278.0
        ], 
        [
            334.5020294274537, 
            314.60878137098564, 
            277.99999999999955
        ], 
        [
            304.09118273048966, 
            285.24358338223215, 
            278.0
        ], 
        [
            288.80046666367934, 
            254.8433428649231, 
            278.0
        ], 
        [
            280.8644312478836, 
            219.93694841084164, 
            277.99999999999955
        ], 
        [
            265.0409266709338, 
            183.24465970550318, 
            278.0
        ], 
        [
            267.40894357325067, 
            159.32030973865324, 
            278.0
        ], 
        [
            283.81778858319944, 
            142.59452738951018, 
            278.00000000000045
        ], 
        [
            487.83446803064777, 
            25.062462987551726, 
            278.0
        ], 
        [
            448.0112651104164, 
            36.89401675013585, 
            278.0
        ], 
        [
            406.40022817220193, 
            52.83675954343596, 
            278.0
        ], 
        [
            366.9946842273757, 
            74.70524125748386, 
            278.0
        ], 
        [
            333.6048987986421, 
            100.28926277950472, 
            278.0
        ], 
        [
            305.8018208689758, 
            121.5926205278057, 
            278.0
        ], 
        [
            516.4604770243709, 
            21.769384973179854, 
            278.00000000000045
        ], 
        [
            560.2845212135514, 
            17.79833459340591, 
            278.0
        ], 
        [
            594.7649273253336, 
            22.24355460743834, 
            278.00000000000045
        ], 
        [
            640.6096900712531, 
            30.132363751546336, 
            278.0
        ], 
        [
            678.6837380934942, 
            38.32632765447204, 
            278.0
        ], 
        [
            705.3762470400908, 
            48.98084432580163, 
            278.0
        ], 
        [
            739.6606354190797, 
            67.11618876835735, 
            278.0
        ], 
        [
            769.9764309745494, 
            83.36723841704895, 
            278.0
        ], 
        [
            802.1216545744994, 
            105.29936185344661, 
            278.00000000000045
        ], 
        [
            791.827322844152, 
            142.8152335756298, 
            278.0
        ], 
        [
            773.8147040095428, 
            165.07325983270073, 
            278.0
        ], 
        [
            796.4413242611779, 
            183.24489712461104, 
            278.0
        ], 
        [
            833.0586562264023, 
            169.76337325187956, 
            278.0
        ], 
        [
            871.6604194319546, 
            167.77180445929844, 
            278.0
        ], 
        [
            904.6235225036049, 
            164.14566475928518, 
            277.99999999999955
        ], 
        [
            944.7662162229885, 
            156.30745694552002, 
            278.0
        ], 
        [
            973.9200433250296, 
            152.89029463428562, 
            278.0
        ], 
        [
            1008.4271436564352, 
            143.4399045547916, 
            278.0
        ], 
        [
            1044.7290013036281, 
            145.4300672702691, 
            278.0
        ], 
        [
            1082.7044010481789, 
            143.49183348888175, 
            278.00000000000045
        ], 
        [
            1125.9540727669548, 
            143.19575176595424, 
            278.0
        ], 
        [
            1158.239243066399, 
            151.08098362101543, 
            277.99999999999955
        ], 
        [
            1193.9639796106667, 
            158.74824905045648, 
            278.0
        ], 
        [
            1220.6113437341382, 
            168.74321895141816, 
            278.0
        ], 
        [
            1252.4303613044326, 
            182.19646373378635, 
            278.00000000000045
        ], 
        [
            1277.0212220534418, 
            195.96222571756698, 
            278.00000000000045
        ], 
        [
            1288.5561684317593, 
            326.47485026657216, 
            483.0
        ], 
        [
            1291.7130936853753, 
            358.5324683329677, 
            483.0
        ], 
        [
            1286.2622311720113, 
            387.28473860685983, 
            483.0
        ], 
        [
            1260.5955343585129, 
            397.2974211397302, 
            483.0
        ], 
        [
            1239.202538839091, 
            412.0406805551712, 
            483.0
        ], 
        [
            1211.8232156958215, 
            420.60203114083345, 
            483.0
        ], 
        [
            1180.1041431332833, 
            438.88385416506867, 
            482.99999999999955
        ], 
        [
            1152.4312985816123, 
            449.1709283282198, 
            483.0
        ], 
        [
            1119.8394991574557, 
            450.04584540578776, 
            483.0
        ], 
        [
            1086.9894863897025, 
            452.5381080375755, 
            483.0
        ], 
        [
            1052.2513607200663, 
            453.47883543398757, 
            483.0
        ], 
        [
            1020.2238133528815, 
            454.3461588910957, 
            483.0
        ], 
        [
            984.3200562691602, 
            445.5007734059511, 
            483.0
        ], 
        [
            961.6962055276815, 
            429.61199317789385, 
            483.0
        ], 
        [
            927.2236509405941, 
            432.0731710876929, 
            483.0
        ], 
        [
            895.0034948130007, 
            424.4958211542289, 
            483.0
        ], 
        [
            859.6316757494243, 
            423.6086670296322, 
            483.00000000000045
        ], 
        [
            822.0225846289215, 
            419.3765247536039, 
            483.0
        ], 
        [
            799.9995093794962, 
            431.68981477219654, 
            483.0
        ], 
        [
            762.1412813719132, 
            432.5627564833492, 
            483.0
        ], 
        [
            724.4430568134919, 
            440.25557430293816, 
            483.0
        ], 
        [
            494.3269391021364, 
            422.851929114168, 
            483.0
        ], 
        [
            529.4033027550107, 
            434.42068716510016, 
            483.0
        ], 
        [
            556.6963764359386, 
            442.53806050948504, 
            482.99999999999955
        ], 
        [
            587.0285377539778, 
            448.7625867556169, 
            483.0
        ], 
        [
            628.7460296702454, 
            451.1802252171228, 
            483.0
        ], 
        [
            664.5617921949031, 
            450.2779863877852, 
            483.0
        ], 
        [
            699.7332508829833, 
            445.97677462023455, 
            483.0
        ], 
        [
            468.2351741490312, 
            414.5158535227573, 
            483.0
        ], 
        [
            432.39788077350715, 
            402.69781038373503, 
            483.00000000000045
        ], 
        [
            406.23718308971297, 
            383.34672100507635, 
            483.0
        ], 
        [
            376.76046318883914, 
            369.2712817949855, 
            483.0
        ], 
        [
            337.8308178187365, 
            356.97784880110885, 
            483.0
        ], 
        [
            313.43070498261727, 
            329.584887071343, 
            483.0
        ], 
        [
            599.9601413648325, 
            17.312655399111463, 
            483.0
        ], 
        [
            565.4968920323341, 
            18.052700880387192, 
            483.0
        ], 
        [
            529.2704344692077, 
            22.603941908197385, 
            483.0
        ], 
        [
            491.49147073331005, 
            32.95037446650781, 
            483.0
        ], 
        [
            457.1841627493178, 
            43.489578843338904, 
            483.0
        ], 
        [
            416.9559731558136, 
            53.93735680890518, 
            483.0
        ], 
        [
            389.05384640214265, 
            74.51549437552217, 
            483.0
        ], 
        [
            356.2619452670581, 
            87.28276110965749, 
            483.00000000000045
        ], 
        [
            328.1556170942674, 
            107.99554040020757, 
            483.0
        ], 
        [
            308.2409517898034, 
            132.786641081967, 
            482.99999999999955
        ], 
        [
            291.0512832819593, 
            163.39148181465544, 
            483.0
        ], 
        [
            267.80613380478894, 
            191.95209153233702, 
            483.0
        ], 
        [
            265.6097368681494, 
            232.0698781094469, 
            483.0
        ], 
        [
            274.73190426325186, 
            269.97156548220096, 
            483.0
        ], 
        [
            288.207648691297, 
            298.10760691588985, 
            483.0
        ], 
        [
            816.5771453062114, 
            74.50073385602309, 
            483.0
        ], 
        [
            788.6234529971176, 
            64.52921979492476, 
            483.0
        ], 
        [
            753.7417379276137, 
            57.97209385580413, 
            483.0
        ], 
        [
            718.0241349611838, 
            45.72353079627487, 
            483.0
        ], 
        [
            678.1503829321572, 
            31.315414540077427, 
            483.00000000000045
        ], 
        [
            645.0608333988172, 
            18.855899828379506, 
            483.0
        ], 
        [
            854.1169673193991, 
            80.98860350698965, 
            483.0
        ], 
        [
            878.4401302845522, 
            96.12513359159925, 
            483.0
        ], 
        [
            907.3660073586855, 
            109.42004145811734, 
            483.00000000000045
        ], 
        [
            920.7725537773075, 
            143.64412422994883, 
            483.0
        ], 
        [
            950.7573556926031, 
            156.5517016149845, 
            483.0
        ], 
        [
            983.1910416865358, 
            160.58190093314715, 
            483.0
        ], 
        [
            1014.9934038054236, 
            157.57617419863595, 
            483.0
        ], 
        [
            1051.5306628874723, 
            161.63718741028674, 
            483.0
        ], 
        [
            1078.055335362878, 
            158.581921311594, 
            483.00000000000045
        ], 
        [
            1109.3739854111288, 
            165.97649072340823, 
            483.0
        ], 
        [
            1148.048683257482, 
            175.10787848279142, 
            483.00000000000045
        ], 
        [
            1184.8106480195672, 
            189.18523930911965, 
            483.0
        ], 
        [
            1210.7062750125551, 
            208.0070299162412, 
            483.0
        ], 
        [
            1227.51541718296, 
            233.2118598109481, 
            483.0
        ], 
        [
            1241.1469257912433, 
            254.82686933789603, 
            482.99999999999955
        ], 
        [
            1260.4907079771579, 
            276.2311518222591, 
            483.0
        ], 
        [
            1278.1390484661113, 
            294.15122829492395, 
            483.0
        ], 
        [
            1113.9137195564886, 
            421.06285122393274, 
            702.0
        ], 
        [
            1082.9419442479325, 
            420.4959184214043, 
            702.0
        ], 
        [
            1053.1593784257711, 
            421.39327592556447, 
            702.0
        ], 
        [
            1021.6650483413307, 
            422.3422093922236, 
            702.0
        ], 
        [
            992.7695757436577, 
            423.21283851549504, 
            702.0
        ], 
        [
            966.818106691989, 
            428.5955639115663, 
            702.0
        ], 
        [
            941.8749104513131, 
            429.3644209193252, 
            702.0
        ], 
        [
            913.8761850384979, 
            431.77217523905733, 
            702.0
        ], 
        [
            885.7592831189327, 
            435.7460767717869, 
            702.0
        ], 
        [
            853.7168944676248, 
            430.5226394756122, 
            702.0
        ], 
        [
            823.3340340220032, 
            431.4521442067488, 
            702.0
        ], 
        [
            790.8782542365101, 
            429.29588365823463, 
            702.0
        ], 
        [
            767.4130286556127, 
            426.8405341335232, 
            702.0
        ], 
        [
            667.0910124514808, 
            418.56732771576856, 
            702.0
        ], 
        [
            689.2730182207735, 
            416.34098196526827, 
            702.0
        ], 
        [
            715.7954966620339, 
            428.3718811916615, 
            702.0
        ], 
        [
            738.2109349922941, 
            432.46983439357166, 
            702.0
        ], 
        [
            523.1393986311169, 
            420.961382713116, 
            702.0
        ], 
        [
            555.2381673780551, 
            424.9731132869706, 
            702.0
        ], 
        [
            581.3932466187101, 
            422.599344717632, 
            702.0
        ], 
        [
            610.9590278474724, 
            423.38462682171655, 
            702.0
        ], 
        [
            637.0404550808163, 
            424.2557305137078, 
            702.0
        ], 
        [
            495.0651094093647, 
            425.04034393218376, 
            702.0
        ], 
        [
            466.8490938331927, 
            415.89700945612105, 
            702.0
        ], 
        [
            427.20228861657176, 
            413.62570954924513, 
            702.0
        ], 
        [
            401.34373349373266, 
            400.88767912770027, 
            702.0
        ], 
        [
            370.66620228845545, 
            393.1966456247785, 
            702.0
        ], 
        [
            1435.5364106840216, 
            352.41191534520976, 
            702.0
        ], 
        [
            1422.7946940994293, 
            368.5960212684578, 
            702.0
        ], 
        [
            1412.6198316611712, 
            391.91176290747626, 
            702.0
        ], 
        [
            1385.7100715202935, 
            391.19675397733783, 
            702.0
        ], 
        [
            1367.762643031155, 
            407.5868848868196, 
            702.0
        ], 
        [
            1340.5988076268936, 
            415.62743095610745, 
            702.0
        ], 
        [
            1310.5788686030573, 
            420.90485279319955, 
            702.0
        ], 
        [
            1280.3855007448972, 
            430.59496711793463, 
            702.0
        ], 
        [
            1247.1590681695463, 
            434.6067148338907, 
            702.0
        ], 
        [
            1218.930382978711, 
            435.54199370655647, 
            702.0
        ], 
        [
            1187.4958891383499, 
            429.1951865045677, 
            702.0
        ], 
        [
            1154.259179271016, 
            421.3281307455645, 
            702.0
        ], 
        [
            342.3744399195584, 
            392.1608291551829, 
            702.0
        ], 
        [
            306.987330896339, 
            392.9799618450386, 
            702.0
        ], 
        [
            272.79523080961826, 
            392.0571904014188, 
            702.0
        ], 
        [
            241.35131952626875, 
            375.52661003799665, 
            702.0
        ], 
        [
            215.28171220892796, 
            360.42692991977367, 
            702.0
        ], 
        [
            211.50757569531152, 
            336.05761382823357, 
            702.0
        ], 
        [
            215.34500408321946, 
            313.20390212601217, 
            702.0
        ], 
        [
            235.49291956844763, 
            300.6743629106402, 
            702.0
        ], 
        [
            249.06016984326016, 
            281.19653278343856, 
            702.0
        ], 
        [
            975.9951813305082, 
            69.08236082356177, 
            701.9999999999995
        ], 
        [
            275.6714003299137, 
            251.05776842548585, 
            702.0
        ], 
        [
            298.5728011772478, 
            233.33259686321242, 
            702.0
        ], 
        [
            320.5939732055417, 
            222.72059417755258, 
            702.0
        ], 
        [
            331.35898703290763, 
            196.1958252051154, 
            702.0
        ], 
        [
            361.952310059816, 
            170.62325535778905, 
            702.0
        ], 
        [
            393.2853542138714, 
            147.96897739971757, 
            702.0
        ], 
        [
            713.6729702222262, 
            26.42821424490694, 
            702.0
        ], 
        [
            688.2841827120312, 
            37.94458365244418, 
            702.0
        ], 
        [
            658.6063200975728, 
            40.65199202894564, 
            702.0
        ], 
        [
            630.8998238478435, 
            48.71158206926839, 
            702.0
        ], 
        [
            747.2299350976533, 
            24.188888630479596, 
            702.0
        ], 
        [
            586.010421629494, 
            56.412799222837066, 
            702.0
        ], 
        [
            556.8869530620882, 
            71.63744367522281, 
            702.0000000000005
        ], 
        [
            538.169676865382, 
            88.90540709166123, 
            702.0000000000005
        ], 
        [
            508.0325002983533, 
            97.17669809225049, 
            702.0
        ], 
        [
            467.8190629074851, 
            110.659590852473, 
            702.0
        ], 
        [
            427.49193049348673, 
            126.03476558144484, 
            702.0000000000005
        ], 
        [
            775.6696223510702, 
            26.48028632434466, 
            702.0
        ], 
        [
            819.4075540374073, 
            31.185698460024014, 
            702.0
        ], 
        [
            854.8935781983809, 
            39.02704936778923, 
            702.0
        ], 
        [
            888.2795893099133, 
            45.03493887128957, 
            702.0
        ], 
        [
            915.3107329614553, 
            54.19422828283018, 
            702.0
        ], 
        [
            941.873218112672, 
            59.9047688802973, 
            702.0
        ], 
        [
            1216.2362437559298, 
            179.31701207233448, 
            702.0
        ], 
        [
            1187.6591832349309, 
            160.20724437720799, 
            702.0
        ], 
        [
            1165.8680611661716, 
            142.52177667385934, 
            702.0
        ], 
        [
            1136.534373310455, 
            121.31636454504905, 
            702.0
        ], 
        [
            1102.8032452925474, 
            109.45972007056992, 
            702.0
        ], 
        [
            1072.0025710438895, 
            107.28801935342199, 
            702.0
        ], 
        [
            1043.3985701608874, 
            95.31762945635808, 
            702.0
        ], 
        [
            1016.5512041832922, 
            94.78934371956836, 
            702.0
        ], 
        [
            996.1442490754844, 
            77.84820219252708, 
            702.0
        ], 
        [
            1257.9636489933987, 
            187.37800888934692, 
            702.0
        ], 
        [
            1289.644812500113, 
            199.89721871098925, 
            702.0
        ], 
        [
            1319.5315042474667, 
            209.19568224053182, 
            702.0
        ], 
        [
            1351.7444477673014, 
            219.90544648355922, 
            702.0
        ], 
        [
            1382.255948010618, 
            234.99346802211505, 
            702.0
        ], 
        [
            1407.158387482745, 
            249.90055455215702, 
            702.0
        ], 
        [
            1426.612770323675, 
            267.6300998487038, 
            702.0
        ], 
        [
            1440.7232295490164, 
            294.03596907436895, 
            702.0
        ], 
        [
            1449.5801385988364, 
            324.5900384240772, 
            702.0
        ], 
        [
            1183.5174611719947, 
            230.33778637004525, 
            863.0
        ], 
        [
            1175.8248873279003, 
            260.8135969537992, 
            863.0
        ], 
        [
            1161.3923374916346, 
            288.2228990695952, 
            863.0
        ], 
        [
            1149.3979155882062, 
            311.2674388521327, 
            863.0
        ], 
        [
            1122.7850167631402, 
            312.71363310094955, 
            863.0
        ], 
        [
            1114.887282231387, 
            337.25210105379733, 
            863.0
        ], 
        [
            1089.062531179295, 
            354.68516283059773, 
            863.0
        ], 
        [
            1050.768918267304, 
            352.09190864461175, 
            863.0
        ], 
        [
            1045.7720527628821, 
            378.17324179089417, 
            863.0
        ], 
        [
            1040.90328879022, 
            405.5601076429176, 
            863.0
        ], 
        [
            1015.920306701988, 
            420.36153408038865, 
            863.0
        ], 
        [
            984.0897715713293, 
            420.99288055007366, 
            863.0
        ], 
        [
            950.6043078403893, 
            423.1082809010468, 
            863.0
        ], 
        [
            915.0333646483062, 
            422.36258792458534, 
            863.0
        ], 
        [
            885.6537631432229, 
            415.59638993969304, 
            863.0
        ], 
        [
            859.7037015806256, 
            402.753823421457, 
            863.0
        ], 
        [
            827.1161592342934, 
            400.2970547431105, 
            863.0
        ], 
        [
            794.5675623793852, 
            415.78898227191144, 
            863.0
        ], 
        [
            756.5487622265861, 
            411.96475955345784, 
            863.0
        ], 
        [
            717.6188166380841, 
            405.05203029175084, 
            863.0
        ], 
        [
            681.3842691518021, 
            399.5152852819713, 
            863.0
        ], 
        [
            649.1676150981311, 
            404.62091587057944, 
            863.0
        ], 
        [
            609.2420602763178, 
            402.15698142838846, 
            863.0
        ], 
        [
            575.621808006473, 
            402.6743363548178, 
            863.0
        ], 
        [
            535.0954136547124, 
            403.29796432778153, 
            863.0
        ], 
        [
            500.8588633461238, 
            405.40315140917176, 
            863.0
        ], 
        [
            459.3103964024974, 
            406.0534065641315, 
            863.0
        ], 
        [
            422.68371578701, 
            398.6264351999823, 
            863.0
        ], 
        [
            383.0226361486657, 
            386.2804368244837, 
            863.0
        ], 
        [
            337.48178175010526, 
            373.7883526771177, 
            863.0
        ], 
        [
            304.1462389984772, 
            354.373188981113, 
            863.0
        ], 
        [
            269.39572587550333, 
            329.6605796986096, 
            863.0
        ], 
        [
            236.498937680449, 
            307.90319378567494, 
            863.0
        ], 
        [
            214.69544962186887, 
            279.0522018052018, 
            863.0
        ], 
        [
            1142.1250551655153, 
            123.46698292708197, 
            863.0
        ], 
        [
            1167.273778439222, 
            146.52053326303087, 
            863.0
        ], 
        [
            1189.562339602231, 
            176.89770897593127, 
            863.0
        ], 
        [
            1198.1672719008018, 
            207.1755499483608, 
            863.0
        ], 
        [
            1114.574919553702, 
            103.45072654640163, 
            863.0
        ], 
        [
            1074.495226737089, 
            85.60443895228556, 
            863.0
        ], 
        [
            1041.575457629222, 
            77.5784927469654, 
            863.0
        ], 
        [
            1008.6924384391377, 
            50.41380749637554, 
            863.0
        ], 
        [
            967.2414283187837, 
            33.197276704098186, 
            863.0
        ], 
        [
            931.1768745533261, 
            16.111141068805665, 
            863.0
        ], 
        [
            884.2081130858887, 
            6.601013470198808, 
            863.0
        ], 
        [
            842.1288355212776, 
            1.972274456505886, 
            863.0
        ], 
        [
            795.8808391010475, 
            2.444008770905043, 
            863.0
        ], 
        [
            758.5753374901201, 
            -3.328738812744149, 
            863.0
        ], 
        [
            712.5292583687116, 
            -3.154811074252052, 
            863.0
        ], 
        [
            668.8957193161243, 
            -3.5064028066086053, 
            863.0
        ], 
        [
            627.8545964628252, 
            17.48279286098412, 
            863.0
        ], 
        [
            590.4124731379928, 
            34.88183291686383, 
            863.0
        ], 
        [
            553.6541099976066, 
            42.808701448709456, 
            862.9999999999995
        ], 
        [
            515.3472569411906, 
            60.5566405521958, 
            863.0
        ], 
        [
            479.72265256909145, 
            84.34500123597527, 
            863.0
        ], 
        [
            449.69174576551245, 
            104.10090542310792, 
            863.0
        ], 
        [
            415.0736130864043, 
            99.0393357048431, 
            863.0
        ], 
        [
            375.68345762497984, 
            97.93619818298129, 
            863.0
        ], 
        [
            330.9695994878175, 
            99.29942850360541, 
            863.0
        ], 
        [
            304.47679895766123, 
            131.8301357712784, 
            863.0
        ], 
        [
            272.67885296405234, 
            158.94560737440068, 
            863.0
        ], 
        [
            247.16258749702888, 
            190.02131882372737, 
            863.0
        ], 
        [
            229.8627884855648, 
            224.64820399201122, 
            863.0
        ], 
        [
            213.07179320473756, 
            254.33193569620383, 
            863.0000000000005
        ], 
        [
            1026.3149910636475, 
            200.01772146594308, 
            980.0
        ], 
        [
            1035.7835724968459, 
            232.3831971966728, 
            980.0
        ], 
        [
            1030.9486255406869, 
            262.2880090292818, 
            980.0
        ], 
        [
            1037.477854980972, 
            293.6960133145252, 
            980.0
        ], 
        [
            1015.7097838905373, 
            322.0313799878826, 
            980.0
        ], 
        [
            1011.9208716699079, 
            350.3470044774209, 
            980.0
        ], 
        [
            1017.7224870554037, 
            384.5157494999455, 
            980.0
        ], 
        [
            1028.7647745707768, 
            417.2171289633766, 
            980.0
        ], 
        [
            1020.8166662598871, 
            451.88135755141184, 
            980.0
        ], 
        [
            993.3908944972459, 
            473.96399652927136, 
            980.0
        ], 
        [
            955.0619691564167, 
            479.80806678847455, 
            980.0
        ], 
        [
            917.275889454419, 
            484.07034713411156, 
            980.0
        ], 
        [
            877.7979887991504, 
            483.1135854763599, 
            980.0
        ], 
        [
            842.1688968383964, 
            475.39697206344226, 
            980.0
        ], 
        [
            803.724512395863, 
            463.912765249051, 
            980.0
        ], 
        [
            764.510131081279, 
            458.0194902088572, 
            980.0
        ], 
        [
            730.8910771865346, 
            451.96995667870306, 
            980.0
        ], 
        [
            688.612316574552, 
            450.73765619774684, 
            980.0
        ], 
        [
            647.3908740716495, 
            443.2417580034911, 
            980.0
        ], 
        [
            430.0944178653199, 
            418.05365528917014, 
            980.0
        ], 
        [
            463.3819035340416, 
            428.6061453401511, 
            980.0
        ], 
        [
            506.64295697488546, 
            433.62465930391653, 
            980.0
        ], 
        [
            540.790331353972, 
            437.5859376713622, 
            980.0
        ], 
        [
            576.4151913797547, 
            442.5338574600657, 
            980.0
        ], 
        [
            607.5516674463294, 
            443.9792192628421, 
            980.0
        ], 
        [
            400.0510000251984, 
            408.0865849888438, 
            980.0
        ], 
        [
            358.844211072319, 
            403.49622362878813, 
            980.0
        ], 
        [
            317.77403839371414, 
            435.84811580837186, 
            980.0
        ], 
        [
            305.90459061183014, 
            458.66988299288084, 
            980.0
        ], 
        [
            273.969219558182, 
            473.7701512563676, 
            980.0
        ], 
        [
            198.7672405052026, 
            486.3797706971708, 
            980.0
        ], 
        [
            237.89098580125892, 
            488.34182828754933, 
            980.0000000000005
        ], 
        [
            186.4620602810635, 
            378.47057528267123, 
            980.0
        ], 
        [
            168.30378815224117, 
            407.76781196708464, 
            980.0
        ], 
        [
            164.46935025946505, 
            441.9555901973986, 
            980.0
        ], 
        [
            172.55590935073292, 
            471.83974283775365, 
            980.0
        ], 
        [
            210.96781739616335, 
            352.70701343546625, 
            980.0
        ], 
        [
            234.52392455746576, 
            324.11866539953445, 
            980.0
        ], 
        [
            222.8959358082368, 
            286.9403850102916, 
            980.0
        ], 
        [
            237.92035262465583, 
            253.8897759753117, 
            980.0
        ], 
        [
            259.78636812674404, 
            219.6349165133307, 
            980.0
        ], 
        [
            750.4211608769658, 
            18.248100071540136, 
            980.0
        ], 
        [
            784.9366654103446, 
            37.1038395051049, 
            980.0
        ], 
        [
            827.7973135052596, 
            48.3551410963033, 
            980.0
        ], 
        [
            864.13549866331, 
            66.22796558807974, 
            980.0
        ], 
        [
            906.9168958759886, 
            82.55070874094758, 
            980.0
        ], 
        [
            938.3412011534019, 
            102.06374445019907, 
            980.0
        ], 
        [
            966.3795971556523, 
            120.52125061498306, 
            980.0
        ], 
        [
            1001.8706059893224, 
            135.8248587914876, 
            980.0
        ], 
        [
            1015.1880394973015, 
            166.42210003106698, 
            980.0
        ], 
        [
            619.0793184267593, 
            85.6985984345626, 
            980.0
        ], 
        [
            646.2912992316235, 
            65.93119312255891, 
            980.0
        ], 
        [
            660.7358211885352, 
            39.577299343428905, 
            980.0
        ], 
        [
            694.1845227351495, 
            35.29075882618227, 
            980.0
        ], 
        [
            713.9886963592267, 
            20.064460466585643, 
            980.0
        ], 
        [
            589.7533450118933, 
            104.47102224740638, 
            980.0
        ], 
        [
            513.7330498521533, 
            183.5419405026326, 
            980.0
        ], 
        [
            540.3954361302633, 
            170.87790831904147, 
            980.0
        ], 
        [
            562.1906067135754, 
            145.64846722189014, 
            980.0
        ], 
        [
            353.53773909813617, 
            134.7712090224586, 
            980.0
        ], 
        [
            400.5685677440108, 
            121.69253423675619, 
            980.0
        ], 
        [
            445.1197219937037, 
            129.1354516380444, 
            980.0
        ], 
        [
            477.24348397296967, 
            143.2096021705343, 
            980.0
        ], 
        [
            494.1356163767841, 
            164.47699802656354, 
            980.0
        ], 
        [
            279.43768266887537, 
            184.37234988610794, 
            980.0
        ], 
        [
            306.95350189230453, 
            152.5590345351248, 
            980.0
        ], 
        [
            569.1813677273904, 
            120.25330877834267, 
            980.0
        ], 
        [
            1015.7824361468836, 
            467.4223160857751, 
            1141.0
        ], 
        [
            986.8063004606646, 
            480.10524788314876, 
            1141.0
        ], 
        [
            958.3930264530077, 
            478.5421192265886, 
            1141.0
        ], 
        [
            938.3067534103526, 
            491.52133480723825, 
            1141.0
        ], 
        [
            909.5012744431781, 
            502.9565995978823, 
            1141.0
        ], 
        [
            879.3892381313442, 
            497.8010929793319, 
            1141.0
        ], 
        [
            857.8035654453491, 
            482.4127657240009, 
            1141.0
        ], 
        [
            831.6337415584245, 
            460.053750460232, 
            1141.0
        ], 
        [
            813.2534181303863, 
            454.0464444145251, 
            1141.0
        ], 
        [
            781.3436827718217, 
            445.95488227663, 
            1141.0
        ], 
        [
            763.7381778892048, 
            426.128899249817, 
            1141.0
        ], 
        [
            728.217231714515, 
            423.89093508856826, 
            1141.0
        ], 
        [
            695.2038724708474, 
            415.4638943237638, 
            1141.0
        ], 
        [
            395.98305940974865, 
            398.48830973189246, 
            1141.0
        ], 
        [
            440.6022182763834, 
            405.77001879466604, 
            1141.0
        ], 
        [
            484.6611658472257, 
            407.2261588896548, 
            1141.0
        ], 
        [
            525.37065384464, 
            410.6741256130829, 
            1141.0
        ], 
        [
            572.3510021850723, 
            416.6678436666851, 
            1141.0
        ], 
        [
            651.2815184383032, 
            413.49733443275875, 
            1141.0
        ], 
        [
            362.39630188733486, 
            410.2835389299753, 
            1141.0
        ], 
        [
            337.24139308613417, 
            436.2583146521873, 
            1141.0
        ], 
        [
            302.22525342517156, 
            464.64376165665146, 
            1141.0
        ], 
        [
            286.09895146994745, 
            500.5612963820238, 
            1141.0
        ], 
        [
            251.55626012460039, 
            539.5466797322082, 
            1141.0
        ], 
        [
            235.9876221056429, 
            578.5980337236815, 
            1141.0
        ], 
        [
            192.6188185322212, 
            601.0947354680565, 
            1141.0
        ], 
        [
            144.54596497254852, 
            596.5848329513893, 
            1141.0
        ], 
        [
            96.9813074403628, 
            590.1724956943816, 
            1141.0
        ], 
        [
            67.675185560106, 
            539.6756679048071, 
            1141.0
        ], 
        [
            94.86824017109348, 
            518.2302540077487, 
            1141.0
        ], 
        [
            93.58469630159948, 
            494.30623707184174, 
            1141.0
        ], 
        [
            545.7168341389628, 
            168.80413530365342, 
            1141.0
        ], 
        [
            491.85249404329716, 
            174.57908613631358, 
            1141.0
        ], 
        [
            446.41022840557685, 
            172.9187881924654, 
            1141.0
        ], 
        [
            411.4663311592992, 
            144.38238237660335, 
            1141.0
        ], 
        [
            352.96142600719486, 
            148.93855325491626, 
            1141.0
        ], 
        [
            309.223865846074, 
            181.9431013989667, 
            1141.0
        ], 
        [
            281.83229631943186, 
            207.77601943929795, 
            1141.0
        ], 
        [
            257.9009786742963, 
            234.61517999483098, 
            1141.0
        ], 
        [
            218.42406839443606, 
            282.6015130695223, 
            1141.0
        ], 
        [
            165.20150295458257, 
            321.7370635407045, 
            1141.0
        ], 
        [
            129.0256137601159, 
            366.92697648449223, 
            1141.0
        ], 
        [
            114.22805395670866, 
            424.60614309731704, 
            1141.0
        ], 
        [
            101.58145557262583, 
            457.67071773138696, 
            1141.0
        ], 
        [
            117.32785306664664, 
            396.66190482659033, 
            1141.0
        ], 
        [
            146.10529007543505, 
            343.7344795529623, 
            1141.0
        ], 
        [
            187.57264033598153, 
            299.18837042371536, 
            1141.0
        ], 
        [
            238.02514682869173, 
            257.83176453602056, 
            1141.0
        ], 
        [
            583.3541974846534, 
            170.2322746405519, 
            1141.0
        ], 
        [
            607.4731358738186, 
            193.77262934573275, 
            1141.0
        ], 
        [
            76.2436709428805, 
            569.4853663735757, 
            1141.0
        ], 
        [
            611.1307992496916, 
            417.37355768106147, 
            1141.0
        ], 
        [
            963.0554110263505, 
            278.02676710827336, 
            1141.0
        ], 
        [
            975.0367155338383, 
            302.6232046574631, 
            1141.0
        ], 
        [
            1000.3378052844254, 
            327.81207650693165, 
            1141.0
        ], 
        [
            1029.545469988423, 
            347.86968224319855, 
            1141.0
        ], 
        [
            1058.8464233247337, 
            363.7483505714858, 
            1141.0
        ], 
        [
            1073.2605957395658, 
            395.66240203866795, 
            1141.0
        ], 
        [
            1045.3812366765897, 
            447.0335750084122, 
            1141.0
        ], 
        [
            1068.0736189152744, 
            426.02316324020825, 
            1141.0
        ], 
        [
            914.7908663100335, 
            261.1480508246991, 
            1141.0
        ], 
        [
            945.1788007698445, 
            263.7013260847936, 
            1141.0
        ], 
        [
            885.4685397784409, 
            246.32987169452042, 
            1141.0
        ], 
        [
            876.0943696435914, 
            216.43286322023923, 
            1141.0
        ], 
        [
            893.7173998402893, 
            164.96763532958803, 
            1141.0
        ], 
        [
            879.5426393035, 
            131.73872725608908, 
            1141.0
        ], 
        [
            834.323233147893, 
            97.23241401307547, 
            1141.0
        ], 
        [
            800.6663726200516, 
            85.73727283291421, 
            1141.0
        ], 
        [
            742.7969957907753, 
            71.41353754035433, 
            1141.0
        ], 
        [
            708.9429883762064, 
            70.44557906264492, 
            1141.0
        ], 
        [
            657.8311655701832, 
            93.37470571418851, 
            1141.0
        ], 
        [
            645.9002325700958, 
            119.29676237782107, 
            1141.0
        ], 
        [
            668.7110204492918, 
            177.750086784604, 
            1141.0
        ], 
        [
            642.3128117024233, 
            199.57418438053887, 
            1141.0
        ], 
        [
            647.4146069962051, 
            151.16704730940265, 
            1141.0
        ], 
        [
            856.9444573749678, 
            117.27521627571511, 
            1141.0
        ], 
        [
            888.0124466046883, 
            195.3645387638083, 
            1141.0
        ], 
        [
            680.1988750100359, 
            74.07945098332709, 
            1141.0
        ], 
        [
            772.6803898908281, 
            75.73734008748764, 
            1141.0
        ]
