        [
            667.0397915206207, 
            433.1386095383939, 
            0.0
        ], 
        [
            691.3768169788156, 
            431.4931305006169, 
            0.0
        ], 
        [
            715.7672618562352, 
            433.6946203160892, 
            0.0
        ], 
        [
            738.8116286263382, 
            432.0686113941012, 
            0.0
        ], 
        [
            757.8768690770694, 
            421.525390896796, 
            0.0
        ], 
        [
            777.0174975381444, 
            416.11101273548337, 
            0.0
        ], 
        [
            751.237458282026, 
            318.8830211806798, 
            0.0
        ], 
        [
            747.1414216883531, 
            302.2206008711405, 
            0.0
        ], 
        [
            746.8749026679824, 
            284.20901145014625, 
            0.0
        ], 
        [
            753.0459182704692, 
            267.3861316586442, 
            0.0
        ], 
        [
            760.4126540580083, 
            156.39534690966252, 
            0.0
        ], 
        [
            781.1433904535952, 
            167.73280765542432, 
            0.0
        ], 
        [
            790.3577360919936, 
            183.0921043717148, 
            0.0
        ], 
        [
            788.0275574717274, 
            199.89212124957066, 
            0.0
        ], 
        [
            778.1047825266459, 
            224.5242466836769, 
            0.0
        ], 
        [
            766.7910872287886, 
            241.43356349727497, 
            0.0
        ], 
        [
            756.708057971895, 
            254.45651967597195, 
            0.0
        ], 
        [
            760.3863831219693, 
            330.32306659307346, 
            0.0
        ], 
        [
            767.191537797586, 
            357.2105068181811, 
            0.0
        ], 
        [
            775.0504342264114, 
            368.65533475910763, 
            0.0
        ], 
        [
            786.7690326309763, 
            381.3229785946686, 
            0.0
        ], 
        [
            801.0444292388369, 
            393.94727622265646, 
            0.0
        ], 
        [
            796.1933444183383, 
            413.2616039918518, 
            0.0
        ], 
        [
            390.5489401408721, 
            347.2379197099971, 
            0.0
        ], 
        [
            406.2893650181511, 
            362.4562321314991, 
            0.0
        ], 
        [
            427.1172445491935, 
            375.01909614950904, 
            0.0
        ], 
        [
            442.83907948521266, 
            390.22151698097497, 
            0.0
        ], 
        [
            461.0278306362762, 
            400.23823372472435, 
            0.0
        ], 
        [
            479.1147369922303, 
            405.1122059854605, 
            0.0
        ], 
        [
            490.88851908511486, 
            416.50116746530875, 
            0.0
        ], 
        [
            509.05600545643483, 
            426.5062137572659, 
            0.0
        ], 
        [
            519.5801716293242, 
            440.4716039656811, 
            0.0
        ], 
        [
            538.9492344770688, 
            446.59905178782077, 
            0.0
        ], 
        [
            558.0458857009764, 
            437.33042470998396, 
            0.0
        ], 
        [
            574.7294783904781, 
            437.08148568033107, 
            0.0
        ], 
        [
            591.5181550841278, 
            443.24641441865367, 
            0.0
        ], 
        [
            608.1734940408721, 
            441.7144653330146, 
            0.0
        ], 
        [
            626.1091281384654, 
            440.16356026285894, 
            0.0
        ], 
        [
            646.5653914994587, 
            436.00960848731074, 
            0.0
        ], 
        [
            585.0756612740064, 
            136.7913556130805, 
            0.0
        ], 
        [
            605.6817804386129, 
            136.51487573574167, 
            0.0
        ], 
        [
            628.753387094333, 
            129.74091080898285, 
            0.0
        ], 
        [
            647.8991005650236, 
            119.14038575822826, 
            0.0
        ], 
        [
            667.2910298789271, 
            124.05379742967006, 
            0.0
        ], 
        [
            685.3697284792181, 
            127.6904614445258, 
            0.0
        ], 
        [
            703.482969773094, 
            133.91032925125137, 
            0.0
        ], 
        [
            720.303774776941, 
            140.14533847476014, 
            0.0
        ], 
        [
            739.6906806085551, 
            146.34361887228965, 
            0.0
        ], 
        [
            576.365868533665, 
            155.00766380504308, 
            0.0
        ], 
        [
            561.0879459178834, 
            165.5536407537238, 
            0.0
        ], 
        [
            541.8580659322781, 
            170.9836771446603, 
            0.0
        ], 
        [
            529.1584630767334, 
            181.4933992317977, 
            0.0
        ], 
        [
            515.1954619360015, 
            193.3107306501397, 
            0.0
        ], 
        [
            498.6585939143637, 
            205.161660106297, 
            0.0
        ], 
        [
            496.4075500211893, 
            223.26848135051432, 
            0.0
        ], 
        [
            500.571642666759, 
            239.98778741900867, 
            0.0
        ], 
        [
            482.68649061387674, 
            247.9783959964756, 
            0.0
        ], 
        [
            462.1312318644052, 
            250.8459232668451, 
            0.0
        ], 
        [
            438.924600273846, 
            249.88001545374104, 
            0.0
        ], 
        [
            428.86265441220735, 
            262.92278419522495, 
            0.0
        ], 
        [
            417.49054898913306, 
            274.69142811739414, 
            0.0
        ], 
        [
            408.671651969717, 
            285.13243718364237, 
            0.0
        ], 
        [
            396.0403726307658, 
            298.2040296384639, 
            0.0
        ], 
        [
            381.23757074087456, 
            331.9186560868973, 
            0.0
        ], 
        [
            387.29998740194145, 
            312.5061729369031, 
            0.0
        ], 
        [
            763.1203169959408, 
            341.8513900256428, 
            0.0
        ], 
        [
            963.5845333966752, 
            273.21594416717613, 
            161.00000000000023
        ], 
        [
            957.9201118482022, 
            293.448481624594, 
            161.0
        ], 
        [
            940.3703548445033, 
            306.7322366938598, 
            160.99999999999977
        ], 
        [
            928.7835719626202, 
            324.6661761480174, 
            161.0
        ], 
        [
            912.4952037162586, 
            343.84522631586225, 
            161.0
        ], 
        [
            898.5425228621173, 
            360.6171711646937, 
            160.99999999999977
        ], 
        [
            877.4678560303867, 
            373.93900393990646, 
            161.0
        ], 
        [
            870.5880575493286, 
            389.4164637232399, 
            161.0
        ], 
        [
            851.8645090787239, 
            401.5163596441277, 
            161.0
        ], 
        [
            828.293524236753, 
            404.22842489551977, 
            161.0
        ], 
        [
            819.0467161650776, 
            418.55164241606684, 
            160.99999999999977
        ], 
        [
            765.5260259178136, 
            147.5685013230053, 
            161.0
        ], 
        [
            784.4717419367529, 
            146.12462296287805, 
            161.0
        ], 
        [
            804.6488756719277, 
            148.23759802174766, 
            161.0
        ], 
        [
            821.2831341937472, 
            151.58797830377574, 
            161.0
        ], 
        [
            841.4653363196221, 
            154.8898711621481, 
            161.0
        ], 
        [
            861.6097683186405, 
            155.81057612961678, 
            161.0
        ], 
        [
            885.3457512824959, 
            160.2530617486948, 
            161.0
        ], 
        [
            905.4632436183985, 
            159.98313795713983, 
            161.0
        ], 
        [
            924.4079641580804, 
            160.91868524517417, 
            160.99999999999977
        ], 
        [
            944.5737762422302, 
            165.40601205126495, 
            161.0
        ], 
        [
            959.045711456451, 
            188.9902827108118, 
            160.99999999999977
        ], 
        [
            949.8017416613045, 
            206.94066362112358, 
            161.0
        ], 
        [
            947.6230407522929, 
            222.4117639694873, 
            160.99999999999977
        ], 
        [
            951.3948380583954, 
            241.3551262509836, 
            161.00000000000023
        ], 
        [
            956.3313751958553, 
            259.08522786518705, 
            161.0
        ], 
        [
            640.3218605521593, 
            181.410176343157, 
            161.0
        ], 
        [
            658.0205919338009, 
            175.21602307887593, 
            160.99999999999977
        ], 
        [
            679.29579903137, 
            170.16506520839056, 
            161.0
        ], 
        [
            704.1812266772897, 
            168.63923394597055, 
            161.0
        ], 
        [
            723.0434418457579, 
            161.23965229470667, 
            161.0
        ], 
        [
            739.5167721831265, 
            152.6808290907623, 
            161.00000000000023
        ], 
        [
            517.7320911813559, 
            231.8980400794704, 
            160.99999999999977
        ], 
        [
            529.4124311700817, 
            221.0243604435434, 
            161.00000000000023
        ], 
        [
            545.8016521566602, 
            207.70301618204485, 
            161.0
        ], 
        [
            557.4449685198717, 
            194.4437284172052, 
            161.0
        ], 
        [
            576.2554544191737, 
            183.46740844876354, 
            161.0
        ], 
        [
            592.7537785524827, 
            176.09595974140518, 
            161.0
        ], 
        [
            605.810847039075, 
            175.91992244660912, 
            161.0
        ], 
        [
            622.5048098373074, 
            180.45982079285437, 
            161.0
        ], 
        [
            452.28409214304185, 
            351.6677825983558, 
            161.0
        ], 
        [
            435.4507409197535, 
            340.04023964964574, 
            161.0
        ], 
        [
            434.36036118156767, 
            283.0236703881534, 
            161.0
        ], 
        [
            421.55020833187245, 
            296.2823805516327, 
            161.0
        ], 
        [
            411.25616523245554, 
            316.6321778504089, 
            161.0
        ], 
        [
            419.81864235595856, 
            329.57716913768866, 
            161.0
        ], 
        [
            459.756864035855, 
            370.54199897310457, 
            161.0
        ], 
        [
            463.60264910807336, 
            385.90137801838625, 
            161.0
        ], 
        [
            469.83882816788196, 
            402.403406254982, 
            161.0
        ], 
        [
            474.8650503450652, 
            417.7302178234086, 
            161.0
        ], 
        [
            477.585998693267, 
            436.63544457094036, 
            161.00000000000023
        ], 
        [
            476.6434812514185, 
            449.668803212403, 
            161.0
        ], 
        [
            482.82655053535285, 
            463.77339486599953, 
            161.0
        ], 
        [
            814.6866132816232, 
            444.61175833851627, 
            161.0
        ], 
        [
            797.2214131874683, 
            461.4074749454386, 
            161.00000000000023
        ], 
        [
            791.6242449375229, 
            482.739819686318, 
            160.99999999999977
        ], 
        [
            771.7247334410333, 
            493.66212503082477, 
            161.0
        ], 
        [
            753.0063945456201, 
            504.5655604511755, 
            161.0
        ], 
        [
            707.2253561995993, 
            520.601258867088, 
            161.0
        ], 
        [
            733.2163462847243, 
            522.5604171694947, 
            161.0
        ], 
        [
            513.707847349941, 
            469.2218557527356, 
            161.0
        ], 
        [
            531.4562072276802, 
            468.95440547528574, 
            161.0
        ], 
        [
            552.7082909381144, 
            466.2696467723867, 
            161.0
        ], 
        [
            572.7945901530469, 
            464.7850399224657, 
            161.0
        ], 
        [
            592.9373122598698, 
            466.84596825452013, 
            161.0
        ], 
        [
            611.8922602689333, 
            468.92413072154125, 
            161.0
        ], 
        [
            632.0044299017646, 
            469.80258037145614, 
            161.0
        ], 
        [
            643.9750937288238, 
            479.07323162958306, 
            161.0
        ], 
        [
            658.3602529279807, 
            491.84587856960417, 
            161.0
        ], 
        [
            671.6510011625539, 
            510.52915854859936, 
            161.0
        ], 
        [
            688.4362631121462, 
            526.7873195584245, 
            161.0
        ], 
        [
            501.2833998161718, 
            241.64592728251787, 
            161.0
        ], 
        [
            483.6268703060152, 
            250.21997049261705, 
            161.0
        ], 
        [
            469.5553003831261, 
            259.93342887929583, 
            161.0
        ], 
        [
            447.08323820849364, 
            265.005172160121, 
            161.0
        ], 
        [
            1202.915791643821, 
            247.18089918892522, 
            278.0
        ], 
        [
            1217.7537636379507, 
            259.7308772655804, 
            278.0
        ], 
        [
            1232.6496756092668, 
            270.01585977561905, 
            278.0
        ], 
        [
            1239.3545679125436, 
            283.6974106753999, 
            278.0
        ], 
        [
            1249.5267048117748, 
            298.53430548114375, 
            278.0
        ], 
        [
            1253.863629712992, 
            314.48751512674596, 
            277.9999999999998
        ], 
        [
            1241.9250936658616, 
            330.3487070017694, 
            277.9999999999998
        ], 
        [
            1241.65705494334, 
            343.9869394036385, 
            278.0
        ], 
        [
            1232.103077530883, 
            357.55711868567994, 
            278.0
        ], 
        [
            1220.3302021495163, 
            366.5563983429124, 
            278.0
        ], 
        [
            1199.3142019668508, 
            375.4748973952002, 
            278.0
        ], 
        [
            937.2773713837341, 
            379.11064677265097, 
            278.0000000000002
        ], 
        [
            951.9214172609645, 
            383.70898510873445, 
            278.0
        ], 
        [
            966.6170635897743, 
            386.06933273281584, 
            278.0
        ], 
        [
            983.6365690159805, 
            386.2061484677812, 
            278.0
        ], 
        [
            1000.6266915410577, 
            389.71281933837827, 
            278.0
        ], 
        [
            1019.8991275091375, 
            394.3672013680301, 
            278.0
        ], 
        [
            1036.9198503935731, 
            399.0091459455229, 
            278.0
        ], 
        [
            1055.2005555021753, 
            398.04011262048965, 
            278.0
        ], 
        [
            1074.5964727099997, 
            400.45854960873197, 
            278.0
        ], 
        [
            1092.8577426664733, 
            403.99803652391176, 
            278.0
        ], 
        [
            1111.2258675325356, 
            403.0307347904362, 
            277.9999999999998
        ], 
        [
            1130.793328613215, 
            400.94277996371835, 
            278.0
        ], 
        [
            1146.940480216917, 
            398.82177125786046, 
            278.0
        ], 
        [
            1160.8680556076363, 
            393.2861016906857, 
            278.0
        ], 
        [
            1178.3409924238804, 
            384.37523750787875, 
            278.0
        ], 
        [
            954.7926505053481, 
            197.1094915049178, 
            277.9999999999998
        ], 
        [
            930.866404124574, 
            203.86683034973464, 
            278.0
        ], 
        [
            913.6808128714108, 
            217.36037199356088, 
            278.0
        ], 
        [
            905.5662826662262, 
            230.84130888853687, 
            277.9999999999998
        ], 
        [
            908.6766291230748, 
            249.94651884082808, 
            277.9999999999998
        ], 
        [
            894.9901710505562, 
            258.89623952281426, 
            278.0
        ], 
        [
            882.41857999938, 
            270.07922836394675, 
            278.0
        ], 
        [
            868.7385660315484, 
            281.24257732686976, 
            278.0
        ], 
        [
            853.8611234787776, 
            299.09938876311685, 
            278.0000000000002
        ], 
        [
            843.5473263440731, 
            313.5932289288741, 
            278.0
        ], 
        [
            836.5516110013352, 
            332.5556366415242, 
            277.9999999999998
        ], 
        [
            832.9426686177602, 
            350.4022664984626, 
            278.0
        ], 
        [
            842.8241594016274, 
            366.1002221566229, 
            278.0
        ], 
        [
            866.4119358296548, 
            366.27051802323444, 
            278.0
        ], 
        [
            886.6682972096411, 
            366.41676218605653, 
            278.0
        ], 
        [
            901.2707784800944, 
            369.87972607347155, 
            278.0
        ], 
        [
            918.1486132173088, 
            373.3636788093793, 
            278.0
        ], 
        [
            1090.7660990885004, 
            194.8316471231568, 
            278.0
        ], 
        [
            1109.1246932061474, 
            197.09788576562198, 
            278.0
        ], 
        [
            1129.7958614327172, 
            200.50316042193174, 
            278.0
        ], 
        [
            1150.3977546719418, 
            209.5958774066811, 
            278.0
        ], 
        [
            1166.4265070933493, 
            217.56161308390574, 
            278.0
        ], 
        [
            1181.3587253398543, 
            223.2606091177983, 
            277.9999999999998
        ], 
        [
            1195.041070930318, 
            234.65294426958786, 
            278.0
        ], 
        [
            1011.9717652055624, 
            181.28226868068452, 
            278.0
        ], 
        [
            993.6317728163233, 
            186.94349242123542, 
            278.0
        ], 
        [
            976.461290741021, 
            192.5946225300986, 
            278.0
        ], 
        [
            1057.8557000577007, 
            173.3180452055998, 
            278.0000000000002
        ], 
        [
            1037.2435274505601, 
            173.34056368605616, 
            278.0
        ], 
        [
            1070.2375959250421, 
            186.90433948811466, 
            278.0
        ], 
        [
            548.8179347410234, 
            59.53591367501468, 
            278.0
        ], 
        [
            572.9792749645503, 
            62.72777955676662, 
            278.0
        ], 
        [
            589.4480150546087, 
            68.19824048847119, 
            278.0
        ], 
        [
            606.9503766672518, 
            82.5831430163231, 
            278.0
        ], 
        [
            611.1940325480482, 
            99.27042187655883, 
            278.0
        ], 
        [
            584.5316504328454, 
            119.4029670275932, 
            278.0
        ], 
        [
            569.0519189353344, 
            127.23261206582248, 
            278.0
        ], 
        [
            554.6522986387554, 
            139.4858445072315, 
            278.0
        ], 
        [
            568.7612151067581, 
            157.20991355462576, 
            277.9999999999998
        ], 
        [
            579.6573926069916, 
            167.18126731673186, 
            278.0
        ], 
        [
            576.2168611526886, 
            181.61052911430028, 
            278.0
        ], 
        [
            569.472337616777, 
            197.1384675167384, 
            277.9999999999998
        ], 
        [
            560.4763162274503, 
            219.29399695561557, 
            278.0
        ], 
        [
            551.5767437853254, 
            232.56705439396302, 
            278.0
        ], 
        [
            551.3989344836251, 
            251.3727606235055, 
            278.0000000000002
        ], 
        [
            546.8816354871528, 
            265.73375316406646, 
            278.0
        ], 
        [
            527.1057352859984, 
            274.50925309991555, 
            278.0
        ], 
        [
            419.28274604271775, 
            289.5322875012066, 
            277.9999999999998
        ], 
        [
            443.0551959315459, 
            298.42177973175535, 
            277.9999999999998
        ], 
        [
            463.6292907449058, 
            305.1122895242849, 
            278.0
        ], 
        [
            484.26467022323664, 
            308.51129896808845, 
            277.9999999999998
        ], 
        [
            507.1747536569444, 
            305.3153501961695, 
            278.0
        ], 
        [
            523.6670588250363, 
            292.15515815176036, 
            278.0
        ], 
        [
            533.4688001481982, 
            57.40704796462518, 
            278.0
        ], 
        [
            518.1789951108742, 
            50.83818037277774, 
            278.0
        ], 
        [
            502.7423059375659, 
            63.14540907330388, 
            278.0
        ], 
        [
            490.61904066165806, 
            74.3053427872203, 
            277.9999999999998
        ], 
        [
            474.202791670166, 
            78.82593749618542, 
            278.0
        ], 
        [
            463.12581958941297, 
            99.91342900035602, 
            278.0
        ], 
        [
            445.72105724258574, 
            97.77770317383005, 
            278.0
        ], 
        [
            429.4029520921295, 
            98.95503107603184, 
            278.0
        ], 
        [
            415.27062069042154, 
            101.22536984725872, 
            278.0000000000002
        ], 
        [
            395.7313960762533, 
            104.61858487846195, 
            278.0
        ], 
        [
            380.5536197976928, 
            107.98833458134476, 
            278.0
        ], 
        [
            370.77006811579434, 
            115.73878076160258, 
            278.0000000000002
        ], 
        [
            367.3877084830756, 
            136.6700485713979, 
            278.0
        ], 
        [
            367.33584490653993, 
            144.37394952733814, 
            277.9999999999998
        ], 
        [
            374.79216040470527, 
            159.76349135735262, 
            278.0
        ], 
        [
            390.9623701560782, 
            166.34143741826193, 
            278.0
        ], 
        [
            381.1082249963259, 
            183.95722928962846, 
            278.0
        ], 
        [
            385.3235720764787, 
            199.35146953241554, 
            278.0
        ], 
        [
            400.43231654741254, 
            203.7526127205681, 
            278.0
        ], 
        [
            403.57511866903246, 
            218.0540663803975, 
            278.0
        ], 
        [
            393.77685588430967, 
            226.83954723313093, 
            278.0
        ], 
        [
            383.9588276151644, 
            240.00821017241276, 
            277.9999999999998
        ], 
        [
            377.37488409837226, 
            255.36303771712304, 
            278.0
        ], 
        [
            375.1340780623901, 
            267.4253707438752, 
            278.0
        ], 
        [
            382.6264295109131, 
            276.2249230096064, 
            278.0
        ], 
        [
            397.69131852190003, 
            283.959330955687, 
            278.0000000000002
        ], 
        [
            1227.7110017407545, 
            327.3215906486323, 
            483.0
        ], 
        [
            1227.3574853702098, 
            344.4692456545996, 
            483.0
        ], 
        [
            1221.8817264328286, 
            359.5598326739902, 
            483.0
        ], 
        [
            1206.1805402883651, 
            370.539060753753, 
            483.0
        ], 
        [
            1195.655094909789, 
            381.53489918664025, 
            483.0
        ], 
        [
            1183.1273291722741, 
            390.4905475806336, 
            483.0
        ], 
        [
            1166.4722428593475, 
            401.40716123608564, 
            483.0000000000002
        ], 
        [
            1152.9237045206605, 
            412.329203781921, 
            482.9999999999998
        ], 
        [
            1139.5127117114716, 
            417.22316746850277, 
            482.9999999999998
        ], 
        [
            1119.0820482719416, 
            416.04023440624775, 
            483.0
        ], 
        [
            1102.918135552689, 
            406.8937650530344, 
            483.0
        ], 
        [
            1086.555366884852, 
            409.75494444456456, 
            483.0
        ], 
        [
            1067.080446675273, 
            417.57656927362854, 
            483.0
        ], 
        [
            1051.8463395747049, 
            417.440167662628, 
            483.0
        ], 
        [
            1032.7032244254465, 
            410.29052800317106, 
            483.0
        ], 
        [
            1021.7022595038011, 
            402.22295413641075, 
            483.0
        ], 
        [
            965.4028981246811, 
            387.840278023336, 
            483.0
        ], 
        [
            980.4349330390069, 
            392.92936513738357, 
            483.0
        ], 
        [
            995.5031872300606, 
            397.02959512422217, 
            482.9999999999998
        ], 
        [
            1007.5925332557606, 
            399.11853656769244, 
            482.9999999999998
        ], 
        [
            995.7625571899995, 
            200.2793970142111, 
            483.0
        ], 
        [
            1013.975820046132, 
            202.2569826777717, 
            483.0
        ], 
        [
            1034.235556731196, 
            205.23882508652912, 
            483.0
        ], 
        [
            1052.4963044748977, 
            208.22855302247632, 
            483.0
        ], 
        [
            1070.733375008803, 
            214.2386222167039, 
            483.0
        ], 
        [
            1088.0508917979312, 
            216.23561391325558, 
            483.0000000000002
        ], 
        [
            1104.3543182555354, 
            219.24303546274746, 
            483.0
        ], 
        [
            1125.7879150102797, 
            223.25998130887876, 
            483.0
        ], 
        [
            1144.3557346589432, 
            218.21024183505995, 
            482.9999999999998
        ], 
        [
            1154.3395505807575, 
            233.33468873072857, 
            483.0
        ], 
        [
            1157.1692432269087, 
            246.44438267640618, 
            483.0000000000002
        ], 
        [
            1167.0986364766482, 
            264.6026701680987, 
            482.9999999999998
        ], 
        [
            1180.2801239371265, 
            274.7093522956106, 
            483.0000000000002
        ], 
        [
            1193.4135002201028, 
            287.85158419069944, 
            483.0
        ], 
        [
            1204.5962502022649, 
            295.95414916343907, 
            483.0
        ], 
        [
            1219.899668706366, 
            305.0869668266799, 
            483.0
        ], 
        [
            882.7652326774949, 
            212.40648526447757, 
            483.0
        ], 
        [
            851.7477640118002, 
            213.4303502380061, 
            482.9999999999998
        ], 
        [
            903.8509724956034, 
            210.39239502810483, 
            483.0
        ], 
        [
            924.0065945587818, 
            206.37882643466622, 
            483.0
        ], 
        [
            942.220582462388, 
            200.36124508801635, 
            483.0
        ], 
        [
            960.3735147453533, 
            200.33349522358236, 
            483.0
        ], 
        [
            975.4926155020416, 
            202.31208023867123, 
            483.0000000000002
        ], 
        [
            753.1443369683553, 
            386.2362414171358, 
            483.0000000000002
        ], 
        [
            763.9228878017736, 
            392.22559960139415, 
            483.0
        ], 
        [
            784.66246181568, 
            393.37386473238223, 
            483.0
        ], 
        [
            800.5952849825, 
            386.59482793163625, 
            483.0
        ], 
        [
            821.5339338489584, 
            378.8519004316635, 
            483.0000000000002
        ], 
        [
            840.4465515385922, 
            377.01010603286926, 
            483.0
        ], 
        [
            859.2806324384376, 
            383.0807065886002, 
            483.0
        ], 
        [
            873.2135071847863, 
            385.1635201517112, 
            483.0
        ], 
        [
            891.1324568808163, 
            389.2607015316253, 
            483.0
        ], 
        [
            910.0969631757782, 
            392.38087693954446, 
            483.0
        ], 
        [
            928.1380718041141, 
            392.52155963448394, 
            483.0
        ], 
        [
            945.2850404072269, 
            387.68824749960294, 
            483.0
        ], 
        [
            344.2244489203415, 
            235.2163946882955, 
            483.0
        ], 
        [
            332.76014508846913, 
            248.77257367892665, 
            483.0000000000002
        ], 
        [
            313.7574423258804, 
            259.3949763905698, 
            483.0
        ], 
        [
            323.1331248460839, 
            275.84954782606724, 
            483.0000000000002
        ], 
        [
            342.96290747555275, 
            288.4726808121326, 
            483.0
        ], 
        [
            360.9176585185893, 
            302.07698565689094, 
            483.0
        ], 
        [
            362.7399652785375, 
            314.664562704228, 
            483.0000000000002
        ], 
        [
            378.8528732221754, 
            322.47706475070015, 
            482.9999999999998
        ], 
        [
            392.14253741431907, 
            328.3491162749696, 
            482.9999999999998
        ], 
        [
            409.25626336029984, 
            335.21645784690315, 
            483.0
        ], 
        [
            421.562785032178, 
            349.8230430612651, 
            483.0
        ], 
        [
            442.5737046394418, 
            352.85723254663014, 
            483.0000000000002
        ], 
        [
            467.463137284106, 
            355.9211140665519, 
            483.0
        ], 
        [
            487.62087576878616, 
            357.01757262791807, 
            483.0
        ], 
        [
            506.82179882893445, 
            362.00246008551903, 
            483.0
        ], 
        [
            531.9078731551502, 
            360.2156157732013, 
            483.0000000000002
        ], 
        [
            706.9854562008754, 
            104.94387090175348, 
            483.0
        ], 
        [
            684.6293503978209, 
            94.6330268640636, 
            483.0
        ], 
        [
            660.4101774661324, 
            89.61645248173318, 
            483.0
        ], 
        [
            642.0634826675206, 
            77.05219903670184, 
            483.0
        ], 
        [
            631.513577347701, 
            55.76470501568372, 
            483.0
        ], 
        [
            625.9787938983078, 
            35.20896011256741, 
            483.0
        ], 
        [
            606.7647080597479, 
            28.93546716803337, 
            482.9999999999998
        ], 
        [
            590.1279946616145, 
            42.3349384223759, 
            483.0000000000002
        ], 
        [
            535.9907888420408, 
            61.79325760232041, 
            483.0
        ], 
        [
            562.563150597349, 
            54.1843900167778, 
            483.0
        ], 
        [
            725.2559414385967, 
            111.31490057125086, 
            483.0000000000002
        ], 
        [
            745.4977946733263, 
            113.44715666252375, 
            483.0
        ], 
        [
            766.7298084077446, 
            111.3797375539329, 
            483.0
        ], 
        [
            786.0316746111611, 
            112.52615356991208, 
            483.0
        ], 
        [
            804.3942186418933, 
            116.84617324574907, 
            483.0
        ], 
        [
            795.4754750356864, 
            134.940578218209, 
            483.0
        ], 
        [
            782.4828223590886, 
            149.0179323024551, 
            483.0
        ], 
        [
            763.5772279500936, 
            169.50187451898188, 
            483.0
        ], 
        [
            748.7385718964451, 
            186.62440023072418, 
            483.0
        ], 
        [
            743.9749665601072, 
            202.21960492803532, 
            483.0
        ], 
        [
            746.3789597826757, 
            225.64245207178874, 
            483.0
        ], 
        [
            738.7037864654131, 
            245.32434834085734, 
            483.0000000000002
        ], 
        [
            725.9608723142784, 
            259.0444116612531, 
            483.0
        ], 
        [
            720.4003008623323, 
            281.54471817701574, 
            483.0
        ], 
        [
            738.4861894185399, 
            289.9565922573575, 
            483.0
        ], 
        [
            757.4546245361829, 
            290.25406732615807, 
            483.0
        ], 
        [
            782.2253944606027, 
            273.0901489686989, 
            482.9999999999998
        ], 
        [
            805.258528267656, 
            267.1134284817629, 
            483.0
        ], 
        [
            807.0564112551099, 
            249.7133129907449, 
            483.0
        ], 
        [
            807.850381620737, 
            232.30525583929023, 
            483.0
        ], 
        [
            819.849867990819, 
            221.56317511161177, 
            483.0
        ], 
        [
            838.0405509307741, 
            217.7245141854214, 
            483.0
        ], 
        [
            436.12611395917503, 
            127.40194385734424, 
            483.0
        ], 
        [
            444.94731091579195, 
            103.48392924338054, 
            482.9999999999998
        ], 
        [
            457.64681859692007, 
            77.20110222635367, 
            483.0
        ], 
        [
            481.789550198174, 
            65.65451262980457, 
            483.0
        ], 
        [
            503.99862950490126, 
            52.09451011399142, 
            483.0
        ], 
        [
            322.3136361146037, 
            176.2779131129193, 
            483.0
        ], 
        [
            337.2447616835328, 
            167.54211736923787, 
            483.0000000000002
        ], 
        [
            364.993531611649, 
            164.2403871444427, 
            483.0
        ], 
        [
            384.5132727766204, 
            147.14706864455098, 
            483.0
        ], 
        [
            409.01748073549095, 
            130.74986582703337, 
            482.9999999999998
        ], 
        [
            304.81652956443185, 
            190.11631774061578, 
            483.0
        ], 
        [
            299.89995753255556, 
            206.34302613775304, 
            483.0
        ], 
        [
            314.8626922218128, 
            219.6714339484277, 
            483.0
        ], 
        [
            329.3921870112428, 
            224.03796601822683, 
            483.0000000000002
        ], 
        [
            691.8811880154278, 
            342.9136687584572, 
            483.0
        ], 
        [
            678.2099309477202, 
            349.3783033042336, 
            483.0
        ], 
        [
            655.8062641859855, 
            359.1099556197397, 
            483.0
        ], 
        [
            640.1943222605262, 
            362.6179086006282, 
            483.0
        ], 
        [
            545.1853930894508, 
            347.97918024112334, 
            483.0000000000002
        ], 
        [
            565.47320064684, 
            344.30097358918914, 
            482.9999999999998
        ], 
        [
            582.1862794098231, 
            349.68086896452087, 
            483.0
        ], 
        [
            600.8963851913458, 
            355.99275658396675, 
            483.0
        ], 
        [
            618.7320805781785, 
            365.3208297438356, 
            483.0
        ], 
        [
            709.7226155853663, 
            345.3003335619209, 
            483.0
        ], 
        [
            719.7873212279139, 
            353.9601561187119, 
            483.0
        ], 
        [
            725.0518542131026, 
            370.7644380053227, 
            483.0
        ], 
        [
            735.1584675274075, 
            382.4017079037608, 
            483.0
        ], 
        [
            1312.9814815700374, 
            276.50402519078017, 
            702.0
        ], 
        [
            1325.2188231911914, 
            294.2876348214314, 
            702.0
        ], 
        [
            1323.7886939291338, 
            319.7669145550423, 
            702.0
        ], 
        [
            1310.043697989871, 
            343.15558229876865, 
            702.0
        ], 
        [
            1285.3551943535522, 
            353.5623028487467, 
            702.0
        ], 
        [
            1253.4076077953127, 
            359.35326190416635, 
            702.0
        ], 
        [
            1242.309115508834, 
            377.6958674969882, 
            702.0
        ], 
        [
            1222.7546297440892, 
            375.88055539892287, 
            702.0
        ], 
        [
            1199.567222219217, 
            376.57245252905125, 
            702.0
        ], 
        [
            1172.778194768321, 
            378.56752899106976, 
            702.0
        ], 
        [
            1153.3374975087086, 
            376.75713016977363, 
            702.0
        ], 
        [
            1132.7207063419314, 
            380.9540694749685, 
            702.0000000000002
        ], 
        [
            925.0172223653975, 
            381.21712478937815, 
            702.0
        ], 
        [
            940.5343995500366, 
            385.4849809187907, 
            702.0
        ], 
        [
            960.7951026510224, 
            384.88150972770796, 
            702.0
        ], 
        [
            979.9169690760282, 
            386.6821489750548, 
            702.0000000000002
        ], 
        [
            1005.029832355777, 
            384.7504806223877, 
            702.0
        ], 
        [
            1025.3744030824892, 
            378.2062570535851, 
            702.0
        ], 
        [
            1044.6063567923484, 
            380.0074735408456, 
            701.9999999999998
        ], 
        [
            1066.2621754249465, 
            378.16989871175167, 
            702.0
        ], 
        [
            1085.560333812945, 
            379.9743437848236, 
            702.0
        ], 
        [
            1108.5145367944936, 
            381.67374950407174, 
            702.0
        ], 
        [
            592.3105709955558, 
            387.70393519056245, 
            702.0
        ], 
        [
            613.9096921208155, 
            373.0475298198229, 
            701.9999999999998
        ], 
        [
            627.6040468203723, 
            364.44248660278413, 
            702.0
        ], 
        [
            647.2902866690764, 
            362.6578445427285, 
            702.0
        ], 
        [
            663.552388578188, 
            362.14970983478656, 
            702.0
        ], 
        [
            683.2326962195149, 
            356.8433855437868, 
            702.0
        ], 
        [
            699.6005673530559, 
            358.6761154451765, 
            701.9999999999998
        ], 
        [
            737.0800872779887, 
            362.2029917639845, 
            702.0
        ], 
        [
            718.3030820552251, 
            359.2643821935734, 
            702.0
        ], 
        [
            795.712758398207, 
            358.02015319536434, 
            702.0
        ], 
        [
            779.2313666257967, 
            357.3572805804249, 
            702.0
        ], 
        [
            758.1020716510751, 
            358.01864357157416, 
            702.0
        ], 
        [
            812.3264138705632, 
            365.75504848932786, 
            702.0
        ], 
        [
            826.6291569035536, 
            375.92369464794444, 
            702.0000000000002
        ], 
        [
            864.3777225026049, 
            371.235191871286, 
            702.0
        ], 
        [
            847.8563419314255, 
            374.09926569276274, 
            702.0
        ], 
        [
            883.3562580860794, 
            373.0188532399118, 
            702.0
        ], 
        [
            904.7517062595075, 
            375.9151868686232, 
            702.0
        ], 
        [
            936.6576595401838, 
            108.91584328314883, 
            702.0
        ], 
        [
            958.416299420069, 
            112.84783608756521, 
            702.0
        ], 
        [
            976.561466723214, 
            114.51080862159279, 
            702.0
        ], 
        [
            995.9611427272441, 
            118.55447310975364, 
            702.0
        ], 
        [
            1010.5356937736223, 
            122.80558229699801, 
            702.0
        ], 
        [
            1026.3788891810118, 
            134.2986498624029, 
            702.0
        ], 
        [
            1041.0192585079578, 
            147.058838829928, 
            701.9999999999998
        ], 
        [
            1056.8505013811807, 
            153.70463027546043, 
            702.0
        ], 
        [
            1073.8938974495932, 
            155.44993843896214, 
            702.0
        ], 
        [
            1089.7372085880302, 
            156.03098509871324, 
            702.0
        ], 
        [
            1103.1712115850808, 
            161.57320584086034, 
            702.0
        ], 
        [
            1108.0869540261153, 
            177.17272993922194, 
            702.0
        ], 
        [
            1120.3133998773176, 
            188.83725682345687, 
            702.0
        ], 
        [
            1143.534522808726, 
            191.58803190274892, 
            702.0
        ], 
        [
            1160.6703978639339, 
            197.00681354836792, 
            702.0
        ], 
        [
            1179.0472987303133, 
            204.81460537207568, 
            702.0
        ], 
        [
            1197.4384848434893, 
            213.84428497689987, 
            701.9999999999998
        ], 
        [
            1215.8475924954973, 
            221.6663095994225, 
            701.9999999999998
        ], 
        [
            1236.744400834718, 
            226.97514338769076, 
            702.0
        ], 
        [
            1255.186522444662, 
            236.0273781735113, 
            702.0
        ], 
        [
            1271.1937910703828, 
            241.52844210059476, 
            701.9999999999998
        ], 
        [
            1283.480829825563, 
            252.0279605544211, 
            701.9999999999998
        ], 
        [
            1300.7060221401966, 
            263.5715058225644, 
            702.0
        ], 
        [
            521.7668917138046, 
            131.27639566362978, 
            702.0000000000002
        ], 
        [
            502.3106951542271, 
            140.41215063807363, 
            702.0
        ], 
        [
            488.8200620762344, 
            154.02110948059396, 
            702.0000000000002
        ], 
        [
            483.3651652243999, 
            164.9046133659096, 
            702.0000000000002
        ], 
        [
            465.0639077028805, 
            170.37949728768194, 
            702.0
        ], 
        [
            443.1667238211502, 
            170.08507027014616, 
            702.0000000000002
        ], 
        [
            427.12553807262316, 
            171.91563678074874, 
            702.0
        ], 
        [
            409.0538060763855, 
            180.89796582155583, 
            702.0
        ], 
        [
            395.7978924269918, 
            195.55010049981507, 
            702.0
        ], 
        [
            381.47531998583514, 
            211.38124318045703, 
            702.0
        ], 
        [
            369.3047712377314, 
            222.40286001831117, 
            702.0
        ], 
        [
            430.43467875453746, 
            309.00218915908135, 
            702.0
        ], 
        [
            449.8812307150333, 
            309.50599872412374, 
            702.0000000000002
        ], 
        [
            466.2517849507985, 
            320.61517659041084, 
            702.0
        ], 
        [
            481.44953136932236, 
            330.6025986495525, 
            701.9999999999998
        ], 
        [
            487.59479189522114, 
            344.38292324853387, 
            702.0
        ], 
        [
            504.9852612114144, 
            350.81105007878625, 
            702.0
        ], 
        [
            522.4920258687074, 
            360.73638843993695, 
            702.0000000000002
        ], 
        [
            536.6287969631352, 
            373.10125940864407, 
            702.0
        ], 
        [
            551.727292293342, 
            378.45638546591704, 
            702.0
        ], 
        [
            569.171980850467, 
            384.90961363980375, 
            702.0
        ], 
        [
            318.6613665283941, 
            297.72887422162, 
            702.0
        ], 
        [
            326.0539757033683, 
            283.52645783083824, 
            702.0
        ], 
        [
            334.6368085439334, 
            270.41804764853674, 
            702.0
        ], 
        [
            336.3904561967304, 
            256.3680130972761, 
            702.0
        ], 
        [
            348.4889793821378, 
            245.4160146620215, 
            702.0
        ], 
        [
            359.4342436072295, 
            233.31534321140913, 
            702.0
        ], 
        [
            335.91746877786693, 
            305.2588397260384, 
            702.0
        ], 
        [
            354.15421917863705, 
            308.11695334713625, 
            702.0
        ], 
        [
            369.0951664235695, 
            313.41608641794744, 
            702.0
        ], 
        [
            411.06017718310954, 
            309.66233338490963, 
            702.0000000000002
        ], 
        [
            386.9751488540536, 
            304.6661917661515, 
            702.0
        ], 
        [
            728.7719376569241, 
            46.62913240676153, 
            702.0
        ], 
        [
            746.6465588915535, 
            49.441794841639194, 
            702.0
        ], 
        [
            770.5367785516667, 
            54.407277620886475, 
            702.0000000000002
        ], 
        [
            790.8305745281875, 
            55.91148194446782, 
            702.0000000000002
        ], 
        [
            798.2367302143366, 
            71.31711678464217, 
            702.0
        ], 
        [
            815.0892921434507, 
            80.2510059956985, 
            702.0
        ], 
        [
            833.0791913999756, 
            84.30192151866493, 
            702.0
        ], 
        [
            853.5179915864112, 
            90.6735829969183, 
            701.9999999999998
        ], 
        [
            875.1809903731948, 
            97.00135635387244, 
            702.0
        ], 
        [
            892.0829780096204, 
            104.75347060593083, 
            702.0
        ], 
        [
            914.9715354488644, 
            108.62419553029832, 
            701.9999999999998
        ], 
        [
            671.316315328654, 
            73.34638383028482, 
            702.0
        ], 
        [
            684.0887620643413, 
            63.1409879068616, 
            702.0
        ], 
        [
            702.9227724403661, 
            58.67399705617038, 
            702.0
        ], 
        [
            719.4257802804572, 
            54.30528487944457, 
            702.0000000000002
        ], 
        [
            606.2974573027531, 
            108.58793254723884, 
            702.0
        ], 
        [
            628.4647832703122, 
            104.04013906770666, 
            702.0
        ], 
        [
            639.9495202032542, 
            92.75282455362094, 
            702.0
        ], 
        [
            651.5114799896874, 
            83.84245722755247, 
            702.0
        ], 
        [
            541.4682584555113, 
            129.25442101337802, 
            702.0
        ], 
        [
            561.3967205115573, 
            134.3689123312708, 
            701.9999999999998
        ], 
        [
            579.819831290478, 
            125.24807282588165, 
            702.0
        ], 
        [
            1005.5870076834112, 
            292.7485493286577, 
            863.0
        ], 
        [
            1030.1471986551185, 
            296.532263120161, 
            863.0
        ], 
        [
            1052.5113562108345, 
            292.11459914546714, 
            863.0
        ], 
        [
            1085.5395444120027, 
            287.2733278378213, 
            863.0
        ], 
        [
            1103.6436329369294, 
            268.6993929726314, 
            863.0
        ], 
        [
            1112.3573088307962, 
            250.39862762774516, 
            863.0
        ], 
        [
            1133.9570671450915, 
            241.11612910893194, 
            863.0
        ], 
        [
            1135.7269337762345, 
            219.3259747764174, 
            862.9999999999998
        ], 
        [
            1136.2776383310868, 
            198.68305729875698, 
            863.0
        ], 
        [
            902.3053113862791, 
            51.22380008265566, 
            863.0
        ], 
        [
            923.8945335376447, 
            47.676933700828386, 
            863.0
        ], 
        [
            940.6921581104132, 
            56.90115256632214, 
            863.0
        ], 
        [
            944.2503967131863, 
            72.98511346796033, 
            863.0000000000002
        ], 
        [
            957.4101409643519, 
            79.8481450115928, 
            863.0
        ], 
        [
            978.9189295675371, 
            91.29231984141677, 
            863.0
        ], 
        [
            993.2483671318696, 
            98.08461388037904, 
            863.0
        ], 
        [
            1051.8376594352226, 
            114.00666960929027, 
            863.0
        ], 
        [
            1070.896445050178, 
            123.04661104597199, 
            863.0
        ], 
        [
            1087.5068263140622, 
            133.42047369100283, 
            863.0
        ], 
        [
            1101.7443302634488, 
            141.41924920177803, 
            863.0
        ], 
        [
            1114.7357469064523, 
            150.6937936345322, 
            863.0
        ], 
        [
            1127.7084244822886, 
            159.95496028724585, 
            863.0
        ], 
        [
            1134.4972414886574, 
            175.58851354236987, 
            863.0
        ], 
        [
            1007.5279055325093, 
            108.59247629986146, 
            863.0
        ], 
        [
            1024.2588393893739, 
            112.7838820765121, 
            863.0
        ], 
        [
            839.2397644130308, 
            199.14982419084777, 
            863.0
        ], 
        [
            848.7686307074307, 
            215.6003414856463, 
            862.9999999999998
        ], 
        [
            860.6285668921369, 
            235.48536803677956, 
            863.0
        ], 
        [
            874.7007479499416, 
            243.2732153119377, 
            862.9999999999998
        ], 
        [
            891.1130197465135, 
            255.7239260832065, 
            862.9999999999998
        ], 
        [
            906.3155158421289, 
            263.44268673354276, 
            863.0
        ], 
        [
            926.1774889545484, 
            267.40458164706337, 
            862.9999999999998
        ], 
        [
            942.5368540038412, 
            271.5068982529632, 
            863.0
        ], 
        [
            956.5567913222842, 
            275.7018125310415, 
            863.0
        ], 
        [
            974.0791059080125, 
            280.94467531781993, 
            863.0
        ], 
        [
            988.075126771972, 
            287.5090047348122, 
            863.0
        ], 
        [
            789.4317264117306, 
            86.48620794164992, 
            863.0
        ], 
        [
            780.2441803985856, 
            102.98210929907941, 
            863.0
        ], 
        [
            776.9442702377228, 
            116.67684140444794, 
            863.0
        ], 
        [
            764.2507002793803, 
            130.74845106833732, 
            863.0
        ], 
        [
            757.3499384131343, 
            138.39837364191692, 
            863.0
        ], 
        [
            769.4358626287719, 
            156.14774339977203, 
            863.0
        ], 
        [
            788.1608960179808, 
            152.8817559864516, 
            862.9999999999998
        ], 
        [
            801.1906001153122, 
            159.61043006416912, 
            863.0
        ], 
        [
            814.2581508560856, 
            169.97533889246063, 
            863.0
        ], 
        [
            824.9714162991611, 
            181.63444603873955, 
            863.0
        ], 
        [
            831.8030013699639, 
            55.862535131501886, 
            863.0
        ], 
        [
            816.3024076908763, 
            55.35810110145576, 
            863.0
        ], 
        [
            794.9084893760729, 
            57.63436469066119, 
            863.0
        ], 
        [
            791.5025177915603, 
            67.76547909714395, 
            863.0
        ], 
        [
            878.3393204724975, 
            48.618239866518934, 
            863.0
        ], 
        [
            856.8350424876385, 
            52.15848677239478, 
            863.0
        ], 
        [
            333.2453109093076, 
            152.67957165586108, 
            863.0
        ], 
        [
            319.6123818807802, 
            153.29583603680192, 
            863.0
        ], 
        [
            310.21335522370987, 
            164.527868625034, 
            863.0
        ], 
        [
            488.4618290181604, 
            267.27549065540603, 
            863.0
        ], 
        [
            488.5115076601945, 
            247.26289439450773, 
            863.0
        ], 
        [
            479.8473855715313, 
            234.62257588746587, 
            863.0
        ], 
        [
            467.6798579665462, 
            220.90899221575268, 
            863.0
        ], 
        [
            457.9635932451728, 
            210.62408291491823, 
            862.9999999999998
        ], 
        [
            457.1385796359966, 
            196.3528588994145, 
            863.0000000000002
        ], 
        [
            443.5362595862017, 
            178.9952080562905, 
            863.0
        ], 
        [
            434.6777948366805, 
            164.97379211363022, 
            862.9999999999998
        ], 
        [
            422.58314175414444, 
            154.67490152454525, 
            862.9999999999998
        ], 
        [
            404.3740866610158, 
            156.69859717092095, 
            863.0
        ], 
        [
            390.36255039129446, 
            152.50924290797013, 
            863.0
        ], 
        [
            377.4090688699023, 
            147.06484485531212, 
            862.9999999999998
        ], 
        [
            363.6403018052739, 
            146.4829690019427, 
            863.0
        ], 
        [
            351.2754691329495, 
            149.45510668475333, 
            863.0
        ], 
        [
            299.624082808909, 
            174.57982264592692, 
            863.0
        ], 
        [
            291.14009889631484, 
            182.12234639439328, 
            862.9999999999998
        ], 
        [
            276.20078938946034, 
            193.49972183249844, 
            863.0
        ], 
        [
            266.1029238559001, 
            208.18105324828178, 
            863.0
        ], 
        [
            264.0874722406337, 
            224.81492113042282, 
            862.9999999999998
        ], 
        [
            270.196921273232, 
            244.55898819353013, 
            863.0
        ], 
        [
            274.8786573892066, 
            260.7638013962001, 
            863.0
        ], 
        [
            272.66774333615257, 
            274.8562412925108, 
            863.0
        ], 
        [
            267.22457239444964, 
            290.1856403563596, 
            863.0
        ], 
        [
            282.98626315797816, 
            305.77066653229997, 
            862.9999999999998
        ], 
        [
            297.7054194743049, 
            308.6592596143333, 
            863.0000000000002
        ], 
        [
            313.7172770431369, 
            313.8077571033102, 
            863.0
        ], 
        [
            329.7251776602271, 
            318.9549822628483, 
            863.0
        ], 
        [
            344.7837147802243, 
            326.4415029650846, 
            863.0
        ], 
        [
            512.7547805911489, 
            275.6813402380954, 
            863.0
        ], 
        [
            532.7271089415516, 
            288.93346436546074, 
            863.0
        ], 
        [
            545.6968254944288, 
            298.9325594405154, 
            863.0
        ], 
        [
            561.778773338051, 
            302.9680941138866, 
            863.0
        ], 
        [
            584.9660570414893, 
            313.71464150480426, 
            863.0000000000002
        ], 
        [
            596.5121248877507, 
            345.7251644533825, 
            863.0
        ], 
        [
            592.592671254485, 
            333.15495609354355, 
            863.0
        ], 
        [
            613.7475247833837, 
            352.0058861172514, 
            862.9999999999998
        ], 
        [
            610.4983924479164, 
            384.27511053990366, 
            863.0
        ], 
        [
            627.3966955919225, 
            383.66918688902825, 
            863.0
        ], 
        [
            646.7748776837155, 
            388.6952601923706, 
            863.0
        ], 
        [
            662.0484788573939, 
            372.1017521628072, 
            863.0
        ], 
        [
            646.8624377341694, 
            358.8510422374646, 
            863.0
        ], 
        [
            634.033016649475, 
            348.9449398068224, 
            863.0
        ], 
        [
            359.8284954748474, 
            333.9211845061354, 
            863.0
        ], 
        [
            375.89334450483284, 
            340.20642089287276, 
            863.0
        ], 
        [
            392.2568936846328, 
            351.0634106933318, 
            863.0
        ], 
        [
            405.4045192796025, 
            364.3056645631074, 
            863.0
        ], 
        [
            421.1289667260696, 
            366.01099310253176, 
            863.0
        ], 
        [
            440.4155009740624, 
            371.01349660575187, 
            863.0
        ], 
        [
            457.1362252717372, 
            370.4014648620842, 
            863.0
        ], 
        [
            477.4229690557681, 
            373.0873632957722, 
            863.0
        ], 
        [
            495.42593253740336, 
            374.7163089108698, 
            863.0
        ], 
        [
            513.383949099117, 
            375.20598766007123, 
            863.0
        ], 
        [
            527.2806161796219, 
            383.83816333735945, 
            863.0
        ], 
        [
            542.2784641241134, 
            392.4193384568102, 
            863.0
        ], 
        [
            558.1139589630208, 
            395.27187991315935, 
            863.0
        ], 
        [
            572.6313735561336, 
            393.6171431411895, 
            863.0
        ], 
        [
            590.3937631516053, 
            388.42216271563854, 
            863.0
        ], 
        [
            933.8916818516502, 
            156.51848490898828, 
            980.0
        ], 
        [
            943.8632386823804, 
            173.31517078070783, 
            979.9999999999998
        ], 
        [
            956.0128899770349, 
            189.94916097467933, 
            980.0
        ], 
        [
            973.7008576342485, 
            198.30178383736677, 
            980.0
        ], 
        [
            985.774869294457, 
            213.71289301850936, 
            980.0
        ], 
        [
            983.3854121162842, 
            237.6023715981484, 
            980.0
        ], 
        [
            992.0787663107759, 
            253.01081468651256, 
            980.0
        ], 
        [
            979.8495069022448, 
            270.3505522219059, 
            980.0
        ], 
        [
            965.5183203512431, 
            283.229526462155, 
            980.0
        ], 
        [
            780.0334629168497, 
            97.62374395090092, 
            980.0
        ], 
        [
            799.0416411146635, 
            104.8746744310314, 
            980.0000000000002
        ], 
        [
            821.413088354434, 
            115.44708199224442, 
            980.0
        ], 
        [
            841.4664137709916, 
            120.31077788929167, 
            980.0
        ], 
        [
            856.0394652186845, 
            133.53865411138224, 
            979.9999999999998
        ], 
        [
            877.1885966666646, 
            140.65433921410545, 
            980.0
        ], 
        [
            890.4796896200507, 
            133.09803220967137, 
            980.0000000000002
        ], 
        [
            906.0555850506456, 
            132.37549208070368, 
            980.0
        ], 
        [
            921.6559926093032, 
            140.9163720277503, 
            980.0
        ], 
        [
            705.9699546790267, 
            103.49031580483916, 
            980.0
        ], 
        [
            721.1408852112761, 
            92.28452601623303, 
            980.0
        ], 
        [
            742.1689556680483, 
            91.2731344406709, 
            980.0
        ], 
        [
            762.1441919242014, 
            91.48011985944436, 
            980.0
        ], 
        [
            709.7106063579744, 
            118.39508766209622, 
            980.0
        ], 
        [
            725.7809175347799, 
            141.8895229341084, 
            979.9999999999998
        ], 
        [
            725.1414697707766, 
            159.1476013468524, 
            980.0
        ], 
        [
            734.2081998395112, 
            170.17859345866395, 
            980.0
        ], 
        [
            740.054660377458, 
            184.7442136989486, 
            980.0
        ], 
        [
            752.4874183164243, 
            201.2344101914464, 
            980.0
        ], 
        [
            765.9413284784848, 
            216.4883416711823, 
            980.0
        ], 
        [
            787.7994299110243, 
            216.66422558762872, 
            980.0
        ], 
        [
            806.3115586927099, 
            211.3301140972988, 
            980.0
        ], 
        [
            815.8805498440302, 
            191.60612535004202, 
            980.0
        ], 
        [
            827.0333282311875, 
            203.61790755845715, 
            980.0
        ], 
        [
            830.5009460031175, 
            217.06435187712054, 
            980.0
        ], 
        [
            838.466564721688, 
            241.52882589685817, 
            980.0
        ], 
        [
            853.8467622964413, 
            248.73680714141005, 
            980.0
        ], 
        [
            922.8738843620337, 
            297.20594055862085, 
            979.9999999999998
        ], 
        [
            904.348186140138, 
            296.8492434289835, 
            980.0
        ], 
        [
            884.6632108315138, 
            280.98462618106214, 
            979.9999999999998
        ], 
        [
            882.3886013359504, 
            265.4583091649173, 
            979.9999999999998
        ], 
        [
            877.9016908611585, 
            247.7167273989324, 
            980.0
        ], 
        [
            389.84576813226784, 
            181.29537270176885, 
            980.0
        ], 
        [
            405.5874373010225, 
            185.31566767689088, 
            980.0
        ], 
        [
            421.40668349385373, 
            196.3343684470232, 
            979.9999999999998
        ], 
        [
            427.4576027839569, 
            213.31334315850089, 
            980.0
        ], 
        [
            441.25331586143966, 
            219.3298270510667, 
            980.0
        ], 
        [
            446.3261270467607, 
            239.2579332065633, 
            980.0000000000002
        ], 
        [
            373.1595047529429, 
            179.27547559003725, 
            980.0
        ], 
        [
            355.49668535245894, 
            176.25730279698743, 
            980.0
        ], 
        [
            344.8522044379827, 
            184.23136659146314, 
            979.9999999999998
        ], 
        [
            332.21375313445105, 
            188.20190014237284, 
            980.0000000000002
        ], 
        [
            318.7140615920014, 
            198.1379315453474, 
            980.0
        ], 
        [
            318.92188817802617, 
            211.06357581260485, 
            979.9999999999998
        ], 
        [
            312.41770464855466, 
            229.8969096911773, 
            980.0
        ], 
        [
            304.84376384984, 
            241.75214125211912, 
            980.0
        ], 
        [
            296.3155504165133, 
            253.5794654318413, 
            980.0
        ], 
        [
            810.296313946258, 
            360.4667083673278, 
            980.0
        ], 
        [
            473.1617574815157, 
            288.9653595580835, 
            980.0
        ], 
        [
            450.4158396571771, 
            260.13173255935465, 
            980.0000000000002
        ], 
        [
            292.80548977046857, 
            274.27000675757876, 
            980.0
        ], 
        [
            303.678181125097, 
            287.1150092408836, 
            980.0
        ], 
        [
            296.17730237056077, 
            300.82905834942284, 
            980.0
        ], 
        [
            284.70672927214343, 
            307.62941733236903, 
            980.0
        ], 
        [
            274.1455375501462, 
            310.5068543349986, 
            980.0000000000002
        ], 
        [
            265.6194236290262, 
            318.28565329778394, 
            980.0
        ], 
        [
            265.9820209263765, 
            336.8516539995781, 
            980.0
        ], 
        [
            275.8130673943318, 
            347.6504650713387, 
            980.0
        ], 
        [
            292.3942586554937, 
            359.46790681310733, 
            980.0
        ], 
        [
            306.9116503125221, 
            363.47655487090293, 
            980.0
        ], 
        [
            321.48395123873587, 
            370.4094821049922, 
            980.0
        ], 
        [
            341.7049492759562, 
            367.6486405867276, 
            980.0
        ], 
        [
            364.90442038780077, 
            367.8332121389965, 
            980.0
        ], 
        [
            378.4308558177972, 
            365.98843848249004, 
            980.0
        ], 
        [
            394.8939161713936, 
            365.1413174549988, 
            980.0
        ], 
        [
            413.35054825564544, 
            367.2412903210534, 
            980.0
        ], 
        [
            467.99248796661186, 
            392.1192812741178, 
            980.0
        ], 
        [
            456.22300795248066, 
            379.31906964643315, 
            980.0000000000002
        ], 
        [
            440.5946934188932, 
            371.36957459850566, 
            980.0
        ], 
        [
            488.8264655447779, 
            285.08523156089996, 
            980.0000000000002
        ], 
        [
            507.4816566936087, 
            285.1780319339193, 
            980.0000000000002
        ], 
        [
            527.1393041267664, 
            283.2922474776984, 
            980.0
        ], 
        [
            546.8237497574411, 
            278.42421883042215, 
            980.0
        ], 
        [
            566.5532338671409, 
            281.4986869346172, 
            980.0
        ], 
        [
            577.4128506836885, 
            292.4769249272157, 
            980.0
        ], 
        [
            580.3706996512965, 
            308.3593879283104, 
            980.0
        ], 
        [
            587.2668216514085, 
            322.2604698107423, 
            980.0
        ], 
        [
            804.4443603503131, 
            350.49338410058107, 
            980.0
        ], 
        [
            789.4612757697196, 
            350.385173208437, 
            980.0
        ], 
        [
            767.4315264390386, 
            357.1686115909236, 
            980.0000000000002
        ], 
        [
            744.5336447634614, 
            356.9976339063843, 
            980.0
        ], 
        [
            733.673588196226, 
            348.99116096938155, 
            980.0
        ], 
        [
            712.8893413919631, 
            338.93127692865835, 
            980.0000000000002
        ], 
        [
            602.0447992238535, 
            333.23297602031613, 
            980.0
        ], 
        [
            613.8587848053428, 
            344.18115990023523, 
            980.0
        ], 
        [
            637.5394788960128, 
            347.3123624331931, 
            980.0
        ], 
        [
            658.2936944097625, 
            348.4493890362823, 
            980.0
        ], 
        [
            683.0388064222805, 
            349.6165684332557, 
            980.0
        ], 
        [
            699.9472464180852, 
            342.80665203403623, 
            980.0
        ], 
        [
            782.4086414430145, 
            432.31069132612356, 
            980.0000000000002
        ], 
        [
            804.2376350795511, 
            434.4979019755337, 
            980.0
        ], 
        [
            821.102750111902, 
            437.6201854078033, 
            980.0
        ], 
        [
            836.9693905118363, 
            441.71798334402956, 
            980.0
        ], 
        [
            853.7740045913331, 
            449.7612148591495, 
            980.0
        ], 
        [
            876.660677501283, 
            452.95698236601106, 
            980.0
        ], 
        [
            894.6184230186348, 
            454.13498343278064, 
            980.0
        ], 
        [
            993.6961688011188, 
            424.5415469167375, 
            980.0
        ], 
        [
            983.2872949137384, 
            437.3098983119985, 
            980.0
        ], 
        [
            974.9875777555565, 
            447.10821891438445, 
            980.0
        ], 
        [
            955.7548025475471, 
            452.825142713214, 
            980.0
        ], 
        [
            939.7040660081784, 
            452.6523104588694, 
            980.0
        ], 
        [
            927.6123013581473, 
            455.47756875533196, 
            980.0
        ], 
        [
            912.638423250706, 
            453.3456287874262, 
            980.0
        ], 
        [
            837.07267844987, 
            374.5653865823502, 
            980.0
        ], 
        [
            855.9325754087214, 
            383.64372339807016, 
            980.0
        ], 
        [
            873.79477835597, 
            392.71529352504206, 
            979.9999999999998
        ], 
        [
            891.7381384319037, 
            397.82667374483276, 
            980.0
        ], 
        [
            904.8193066668798, 
            395.9598521361029, 
            980.0
        ], 
        [
            919.9253222064101, 
            394.1083819056069, 
            980.0
        ], 
        [
            938.2052075576541, 
            386.3207019797157, 
            980.0000000000002
        ], 
        [
            952.842193176722, 
            406.30757250235405, 
            980.0
        ], 
        [
            968.856247177267, 
            410.4229315939532, 
            980.0000000000002
        ], 
        [
            983.8721901068127, 
            414.5313809436273, 
            980.0
        ], 
        [
            480.6906214114344, 
            399.06513982530527, 
            979.9999999999998
        ], 
        [
            494.3836966208803, 
            409.92165044643207, 
            980.0
        ], 
        [
            505.166945878243, 
            424.6409750002482, 
            980.0
        ], 
        [
            657.9666801464734, 
            412.4428473009212, 
            980.0
        ], 
        [
            675.7422074529179, 
            407.703252103919, 
            980.0
        ], 
        [
            693.5005485490078, 
            409.83266562408517, 
            980.0
        ], 
        [
            708.302008965303, 
            412.91862445681926, 
            979.9999999999998
        ], 
        [
            722.087949319588, 
            419.9257582341164, 
            980.0
        ], 
        [
            737.9649233011047, 
            416.14859428697093, 
            980.0
        ], 
        [
            754.7712583692194, 
            420.2426223982518, 
            980.0000000000002
        ], 
        [
            768.6002216801955, 
            425.29314112257146, 
            980.0
        ], 
        [
            644.1472107941702, 
            420.1493407755493, 
            980.0
        ], 
        [
            630.3581568274071, 
            426.86297033239924, 
            979.9999999999998
        ], 
        [
            620.5162874918873, 
            434.58091497788223, 
            980.0000000000002
        ], 
        [
            602.8591743424703, 
            438.30265598378196, 
            980.0000000000002
        ], 
        [
            579.3642496081359, 
            442.93022498143296, 
            980.0
        ], 
        [
            566.6584795636938, 
            442.79604525442966, 
            980.0
        ], 
        [
            546.1598582609647, 
            443.5523863153076, 
            980.0
        ], 
        [
            513.9798723704087, 
            436.40698652688116, 
            980.0
        ], 
        [
            530.5556883397462, 
            441.4423826508436, 
            980.0
        ], 
        [
            960.1078840437378, 
            409.7820054566214, 
            1141.0
        ], 
        [
            949.5691749640837, 
            396.28740576406756, 
            1140.9999999999998
        ], 
        [
            937.9783372967843, 
            388.13952173296894, 
            1141.0
        ], 
        [
            920.9665857944399, 
            379.05087687824573, 
            1141.0
        ], 
        [
            913.142334123104, 
            364.6568723271425, 
            1140.9999999999998
        ], 
        [
            903.3119252241072, 
            358.3065912774033, 
            1141.0000000000002
        ], 
        [
            887.1003368790253, 
            353.7048835201308, 
            1141.0
        ], 
        [
            870.9353644900568, 
            347.31224030115857, 
            1141.0
        ], 
        [
            858.3247474826668, 
            344.5348383796752, 
            1141.0
        ], 
        [
            841.3026080351973, 
            336.3467922993509, 
            1141.0
        ], 
        [
            820.7331620705111, 
            324.54675843090246, 
            1141.0
        ], 
        [
            811.8523901135159, 
            315.5089490588572, 
            1141.0
        ], 
        [
            782.1480413201464, 
            311.74853582320526, 
            1140.9999999999998
        ], 
        [
            768.6428188505588, 
            311.6742177396441, 
            1141.0
        ], 
        [
            750.6896347089663, 
            308.8829938765236, 
            1141.0
        ], 
        [
            733.6243706142575, 
            308.7908873272853, 
            1141.0000000000002
        ], 
        [
            714.8141265751547, 
            305.9997195080394, 
            1141.0
        ], 
        [
            537.5409868690899, 
            263.9825330534817, 
            1141.0000000000002
        ], 
        [
            560.6098589465854, 
            263.17066607814195, 
            1141.0
        ], 
        [
            582.833849214225, 
            265.04574951090945, 
            1141.0000000000002
        ], 
        [
            607.7680495418855, 
            265.13806332925475, 
            1141.0
        ], 
        [
            622.9230564630669, 
            267.8891591076441, 
            1141.0
        ], 
        [
            644.336609893753, 
            272.46391023758645, 
            1141.0
        ], 
        [
            663.0890324832706, 
            277.03236347460347, 
            1141.0
        ], 
        [
            678.2097657181696, 
            291.46495058488085, 
            1141.0
        ], 
        [
            696.9842948435166, 
            295.14430183765376, 
            1141.0
        ], 
        [
            945.4395716181418, 
            415.88826395026905, 
            1141.0
        ], 
        [
            932.8068578745169, 
            413.9858765106738, 
            1141.0
        ], 
        [
            915.7041275719056, 
            410.2610653067254, 
            1141.0
        ], 
        [
            902.1490015252487, 
            410.13482240766274, 
            1141.0
        ], 
        [
            873.2973630029805, 
            408.97652785541663, 
            1141.0
        ], 
        [
            860.8427864748112, 
            400.8536018791619, 
            1141.0
        ], 
        [
            835.0914846725148, 
            381.0313642744685, 
            1141.0
        ], 
        [
            844.8178627141873, 
            390.9171829876349, 
            1141.0
        ], 
        [
            826.8696502636174, 
            388.0919466270128, 
            1141.0
        ], 
        [
            804.4915745199861, 
            382.56154700711755, 
            1141.0
        ], 
        [
            793.8519677625153, 
            373.56735728357893, 
            1141.0
        ], 
        [
            774.2470868930469, 
            363.6100385755557, 
            1140.9999999999998
        ], 
        [
            756.3406710328538, 
            361.69271046545714, 
            1141.0
        ], 
        [
            736.8290826537844, 
            344.60543476747057, 
            1141.0
        ], 
        [
            713.5818499473288, 
            342.6632872157491, 
            1141.0000000000002
        ], 
        [
            698.3704443819452, 
            345.2351443523945, 
            1141.0
        ], 
        [
            689.3655763557481, 
            355.85690060585995, 
            1141.0
        ], 
        [
            672.0268169708427, 
            350.41394593071027, 
            1141.0
        ], 
        [
            444.78425508236234, 
            330.121244384943, 
            1141.0
        ], 
        [
            464.29283836949617, 
            332.6203726511226, 
            1141.0
        ], 
        [
            500.55000581796634, 
            333.1864857633567, 
            1141.0
        ], 
        [
            524.4374900723483, 
            332.9720563216629, 
            1141.0
        ], 
        [
            551.8515794974525, 
            330.93947190281335, 
            1141.0
        ], 
        [
            579.4145153844253, 
            334.2654284203329, 
            1141.0
        ], 
        [
            594.514628004413, 
            335.0239117562678, 
            1141.0000000000002
        ], 
        [
            619.4931229887338, 
            341.94698179178164, 
            1141.0
        ], 
        [
            639.1089318491559, 
            347.1299160727846, 
            1141.0
        ], 
        [
            656.0209506471895, 
            349.65970771161983, 
            1141.0
        ], 
        [
            482.8177770087614, 
            331.5616725900001, 
            1141.0
        ], 
        [
            377.89195134325445, 
            243.61210650472523, 
            1141.0
        ], 
        [
            404.5354402667965, 
            243.32361711437534, 
            1141.0
        ], 
        [
            434.82794792380423, 
            244.8087827380711, 
            1141.0
        ], 
        [
            456.157369214034, 
            243.67172338150368, 
            1140.9999999999998
        ], 
        [
            474.8627834589371, 
            243.4695314067703, 
            1141.0000000000002
        ], 
        [
            495.41709293995973, 
            245.0624433338914, 
            1141.0000000000002
        ], 
        [
            517.0156561519716, 
            252.08699542651306, 
            1141.0
        ], 
        [
            190.00813059587028, 
            329.7647064908987, 
            1141.0
        ], 
        [
            208.16317003047504, 
            326.04649412578897, 
            1140.9999999999998
        ], 
        [
            229.51109601898946, 
            316.06305270070834, 
            1141.0
        ], 
        [
            245.51202145622437, 
            303.42503377304996, 
            1141.0
        ], 
        [
            272.3411571774476, 
            295.11816079186093, 
            1140.9999999999998
        ], 
        [
            284.17951062871316, 
            285.14571372634566, 
            1141.0
        ], 
        [
            295.96121551433504, 
            273.35222435116566, 
            1141.0
        ], 
        [
            310.3436214072684, 
            259.69620122198046, 
            1141.0
        ], 
        [
            322.39834643428173, 
            252.3485501809663, 
            1141.0000000000002
        ], 
        [
            353.2395749942922, 
            248.40322556808044, 
            1141.0
        ], 
        [
            149.26637935076042, 
            390.9652881820266, 
            1141.0
        ], 
        [
            156.91707951455192, 
            374.2245343682973, 
            1141.0
        ], 
        [
            160.4044285315091, 
            360.10565133362195, 
            1141.0
        ], 
        [
            167.28146808212375, 
            344.1468844456491, 
            1141.0
        ], 
        [
            139.7344408697295, 
            486.51699340979064, 
            1141.0
        ], 
        [
            144.52571015438184, 
            507.94099903850076, 
            1141.0
        ], 
        [
            154.32324984831791, 
            527.5471543053368, 
            1141.0000000000002
        ], 
        [
            162.06307909712177, 
            541.9920984068965, 
            1141.0
        ], 
        [
            167.27424191266482, 
            557.2595852095211, 
            1141.0
        ], 
        [
            183.0478696822729, 
            563.9733072518488, 
            1141.0000000000002
        ], 
        [
            200.6821816078783, 
            558.8085547448144, 
            1141.0
        ], 
        [
            211.45509123380117, 
            552.8162296818853, 
            1141.0
        ], 
        [
            220.9605932996518, 
            539.1558406957112, 
            1141.0
        ], 
        [
            232.88402659369706, 
            522.0206346101121, 
            1141.0
        ], 
        [
            278.1855409515923, 
            464.9634182361802, 
            1141.0
        ], 
        [
            271.10098409540717, 
            478.84033091302194, 
            1140.9999999999998
        ], 
        [
            261.361771160742, 
            490.9689201732985, 
            1141.0
        ], 
        [
            250.87928395340873, 
            504.7855099550852, 
            1141.0
        ], 
        [
            140.10907074704073, 
            438.1327936181859, 
            1141.0
        ], 
        [
            138.67647463856417, 
            456.3396559261504, 
            1140.9999999999998
        ], 
        [
            134.45001005551137, 
            471.0490445893802, 
            1141.0
        ], 
        [
            145.2685836521464, 
            410.2385351021022, 
            1141.0
        ], 
        [
            141.87601667810156, 
            425.0817914994392, 
            1141.0
        ], 
        [
            401.9416648140489, 
            340.3004828457232, 
            1141.0
        ], 
        [
            385.3966995974801, 
            344.8899456367096, 
            1141.0
        ], 
        [
            369.6475326103403, 
            346.8034636024221, 
            1141.0
        ], 
        [
            351.5432521276823, 
            354.9409222882847, 
            1141.0
        ], 
        [
            340.4883158954794, 
            363.0009028862418, 
            1141.0
        ], 
        [
            330.2520924346026, 
            369.2722926146722, 
            1141.0
        ], 
        [
            324.6029724862536, 
            379.9040497271698, 
            1141.0
        ], 
        [
            318.9266988826685, 
            389.6323946416529, 
            1141.0
        ], 
        [
            315.9191063887097, 
            400.19736208432255, 
            1141.0
        ], 
        [
            312.7558512974797, 
            407.2365667167957, 
            1141.0000000000002
        ], 
        [
            308.9310368660568, 
            418.6432485883061, 
            1141.0
        ], 
        [
            304.28739930360797, 
            430.90071270825223, 
            1141.0
        ], 
        [
            299.5726981196714, 
            441.38694258331657, 
            1140.9999999999998
        ], 
        [
            291.2745332993636, 
            449.2678378045417, 
            1141.0
        ], 
        [
            428.1760637460175, 
            334.7269313503375, 
            1141.0
        ]
