        [
            853.6248517914984, 
            392.88387703457715, 
            169.0
        ], 
        [
            877.7883952505535, 
            392.5608493537301, 
            169.0
        ], 
        [
            902.0574541723441, 
            398.2345770084807, 
            169.0
        ], 
        [
            923.3588124397513, 
            405.45987696212615, 
            169.0
        ], 
        [
            941.7014872283964, 
            415.74344601992755, 
            169.0
        ], 
        [
            964.6413892954549, 
            425.98999920709434, 
            169.0
        ], 
        [
            979.9692394036506, 
            433.33557252248283, 
            169.0
        ], 
        [
            993.8622985254423, 
            445.23607303259496, 
            169.0
        ], 
        [
            1007.7556998288294, 
            455.6460278419134, 
            169.0
        ], 
        [
            1024.7289134603095, 
            466.03869464475724, 
            169.0
        ], 
        [
            1040.0759347403896, 
            468.8961538717807, 
            169.0
        ], 
        [
            1055.6219965331297, 
            482.36345541586013, 
            169.0
        ], 
        [
            1060.4828725096106, 
            497.48313702110124, 
            169.0
        ], 
        [
            1042.3370304151567, 
            512.8455990635676, 
            169.0
        ], 
        [
            1027.1589822140454, 
            522.103078577476, 
            169.0
        ], 
        [
            1013.4455902418177, 
            526.7874392379093, 
            169.0
        ], 
        [
            775.3916848235248, 
            401.3988991053692, 
            169.0
        ], 
        [
            797.9064405133327, 
            396.6179902513396, 
            169.0
        ], 
        [
            821.9904308926922, 
            396.2982264758127, 
            169.0
        ], 
        [
            646.8718266017728, 
            471.72036178490924, 
            169.0
        ], 
        [
            667.765201308051, 
            459.52183968680396, 
            169.0
        ], 
        [
            687.1767240882837, 
            448.8306901208742, 
            169.0
        ], 
        [
            702.1037407701181, 
            438.18890099242464, 
            169.0
        ], 
        [
            718.524093809294, 
            426.03263135031955, 
            169.0
        ], 
        [
            728.9673393562409, 
            416.93797173369984, 
            169.0
        ], 
        [
            751.4189343672899, 
            409.1815718339487, 
            169.0
        ], 
        [
            603.6525823615639, 
            530.5729620434882, 
            169.0
        ], 
        [
            594.6848840938306, 
            514.1707220705396, 
            169.0
        ], 
        [
            605.1148643082146, 
            499.09467382635916, 
            169.0
        ], 
        [
            620.0191290305457, 
            485.4731195203401, 
            169.0
        ], 
        [
            756.5256889129191, 
            503.56523721241734, 
            169.0
        ], 
        [
            788.1830967305139, 
            503.24800010528224, 
            169.0
        ], 
        [
            809.3346242719556, 
            504.54280446874253, 
            169.0
        ], 
        [
            835.0555009360926, 
            505.79434916277967, 
            169.0
        ], 
        [
            856.2574577670975, 
            505.58383779279126, 
            169.0
        ], 
        [
            879.0368789279551, 
            508.3784147116047, 
            169.0
        ], 
        [
            900.3329902000271, 
            511.1922886985768, 
            169.0
        ], 
        [
            926.2655440500318, 
            516.9930233086931, 
            169.0
        ], 
        [
            946.0704688001558, 
            516.8036812350408, 
            169.0
        ], 
        [
            965.8782589597154, 
            515.0988838919305, 
            169.0
        ], 
        [
            988.8307430084262, 
            517.9115257636732, 
            169.0
        ], 
        [
            663.4866798306418, 
            527.015159348788, 
            169.0
        ], 
        [
            690.4426989283088, 
            516.2422628560255, 
            169.0
        ], 
        [
            705.4143011980703, 
            507.0815391513846, 
            169.0
        ], 
        [
            726.4246937167707, 
            502.36409262078905, 
            169.0
        ], 
        [
            641.0322855375473, 
            531.7294054882409, 
            169.0
        ], 
        [
            1167.560013956433, 
            242.81657450394266, 
            299.0
        ], 
        [
            1169.4705878456894, 
            263.27323402896275, 
            299.0
        ], 
        [
            1166.4545333070682, 
            280.31490616995404, 
            299.0
        ], 
        [
            1171.5382800262237, 
            295.55786110412873, 
            299.0
        ], 
        [
            1175.03491990857, 
            314.16589947424575, 
            299.0
        ], 
        [
            1175.3076615170635, 
            334.4450212082487, 
            299.0
        ], 
        [
            1173.940131783477, 
            353.00470047510316, 
            299.0
        ], 
        [
            1175.8510279949505, 
            374.84587902217163, 
            299.0
        ], 
        [
            1163.1927799406176, 
            393.4424536295695, 
            299.0
        ], 
        [
            1009.2429147322641, 
            264.46538342417057, 
            299.0
        ], 
        [
            1035.4373876507068, 
            260.8480717114877, 
            299.0
        ], 
        [
            1058.3223871538578, 
            257.25885582628257, 
            299.0
        ], 
        [
            1079.5472042099416, 
            253.68492806032214, 
            299.0
        ], 
        [
            1097.4192055047668, 
            246.71599605061976, 
            299.0
        ], 
        [
            1118.5556341342865, 
            239.7270811515815, 
            299.0
        ], 
        [
            1141.3414742991688, 
            234.44232173513228, 
            299.0
        ], 
        [
            1031.0906327059938, 
            432.29355395878645, 
            299.0
        ], 
        [
            1058.817686409631, 
            436.5760478890552, 
            299.0
        ], 
        [
            1079.9336902624962, 
            439.64601859098093, 
            299.0
        ], 
        [
            1099.5201464565637, 
            449.4033048633801, 
            299.0
        ], 
        [
            1119.0287563223899, 
            457.4718533290812, 
            299.0
        ], 
        [
            1141.501107058861, 
            452.1743363961616, 
            299.0
        ], 
        [
            1152.4931833923079, 
            433.70052374784154, 
            299.0
        ], 
        [
            1157.03079471559, 
            413.60371370607936, 
            299.0
        ], 
        [
            816.3901442682338, 
            327.6768024171589, 
            299.0
        ], 
        [
            839.1522843756394, 
            315.49722794656395, 
            299.0
        ], 
        [
            862.0306308190219, 
            306.7391596118306, 
            299.0
        ], 
        [
            888.4233127287753, 
            304.79854082220834, 
            299.0
        ], 
        [
            903.1240687298024, 
            299.5407831964684, 
            299.0
        ], 
        [
            922.7692281580141, 
            294.2431363262689, 
            299.0
        ], 
        [
            944.098625351075, 
            290.6451397922416, 
            299.0
        ], 
        [
            966.962704010965, 
            283.61754974171595, 
            299.0
        ], 
        [
            986.4380147631421, 
            273.19787690843, 
            299.0
        ], 
        [
            803.7920137431558, 
            339.1394077326721, 
            299.0
        ], 
        [
            789.3457619061996, 
            351.2264580960036, 
            299.0
        ], 
        [
            778.216250219172, 
            363.2639451231953, 
            299.0
        ], 
        [
            773.7730487334343, 
            376.9014044671284, 
            299.0
        ], 
        [
            785.8453476915535, 
            390.2989275081044, 
            299.0
        ], 
        [
            807.1016716191875, 
            384.93705614386204, 
            299.0
        ], 
        [
            827.0532765504679, 
            389.7474603474226, 
            299.0
        ], 
        [
            826.234531839365, 
            413.3994190503148, 
            299.0
        ], 
        [
            823.4798826542911, 
            428.6013394857333, 
            299.0
        ], 
        [
            838.6061975129948, 
            438.47197227292713, 
            299.0
        ], 
        [
            858.337632728221, 
            439.8608283930163, 
            299.0
        ], 
        [
            876.460597598953, 
            442.94925295577184, 
            299.0
        ], 
        [
            894.4028342105761, 
            441.0054814399457, 
            299.0
        ], 
        [
            909.1637381063014, 
            442.4631389433, 
            299.0
        ], 
        [
            930.3892403459006, 
            442.14763364603766, 
            299.0
        ], 
        [
            949.730067933386, 
            433.484146712114, 
            299.0
        ], 
        [
            967.5724697422094, 
            429.8719073393843, 
            299.0
        ], 
        [
            985.4468970168552, 
            427.93673586202533, 
            299.0
        ], 
        [
            1005.0145098284654, 
            429.3274586395239, 
            299.0
        ], 
        [
            1302.988801636833, 
            184.9207491201151, 
            455.0
        ], 
        [
            1291.4507460542245, 
            200.66283893488213, 
            455.0
        ], 
        [
            1279.9056259210806, 
            216.41456735698162, 
            455.0
        ], 
        [
            1265.713899698555, 
            230.89225580170324, 
            455.0
        ], 
        [
            1273.8293215956962, 
            247.80358497239274, 
            455.0
        ], 
        [
            1293.6438344620851, 
            258.0898137122807, 
            455.0
        ], 
        [
            1314.7116893010093, 
            264.44638576565757, 
            455.0
        ], 
        [
            1313.6274640621318, 
            278.8369242278694, 
            455.0
        ], 
        [
            1303.3651829663092, 
            293.31326397838495, 
            455.0
        ], 
        [
            1298.322920071348, 
            306.44367873428564, 
            455.0
        ], 
        [
            1276.0859258949533, 
            310.562604285472, 
            455.0
        ], 
        [
            1256.4088706763978, 
            310.7321518831544, 
            455.0
        ], 
        [
            1239.3345220219517, 
            309.5698625538979, 
            455.0
        ], 
        [
            1219.6902667893319, 
            312.3580893934456, 
            455.0
        ], 
        [
            1201.4445659646822, 
            321.68441845400173, 
            455.0
        ], 
        [
            1180.4770954899277, 
            324.48621205298537, 
            455.0
        ], 
        [
            1160.852312452559, 
            329.8980188743401, 
            455.0
        ], 
        [
            990.8912936642996, 
            284.2038595461595, 
            455.0
        ], 
        [
            1011.9879378582976, 
            291.8795982227806, 
            455.0
        ], 
        [
            1033.044578695594, 
            295.62789071590714, 
            455.0
        ], 
        [
            1052.729039979071, 
            294.149922121124, 
            455.0
        ], 
        [
            1072.5163752089218, 
            301.8374847660517, 
            455.0
        ], 
        [
            1094.9015728262764, 
            306.8840925290151, 
            455.0
        ], 
        [
            1112.0353572342572, 
            311.97614810627925, 
            455.0
        ], 
        [
            1133.1591181745778, 
            320.9647473644594, 
            455.0
        ], 
        [
            1144.9287197774015, 
            214.92620896713487, 
            455.0
        ], 
        [
            1160.6212737600613, 
            212.18509214477768, 
            455.0
        ], 
        [
            1261.0089562117662, 
            178.74792837533744, 
            455.0
        ], 
        [
            1283.1788403545193, 
            173.35333381771636, 
            455.0
        ], 
        [
            1242.816297563417, 
            188.02297533666035, 
            455.0
        ], 
        [
            1227.2907945990703, 
            201.19332753731027, 
            455.0
        ], 
        [
            1209.0819950027803, 
            210.47773318819884, 
            455.0
        ], 
        [
            1182.8619877829613, 
            209.39016543961026, 
            455.0
        ], 
        [
            1063.9029214041116, 
            237.80688550355717, 
            455.0
        ], 
        [
            1054.8824218835887, 
            252.26141339451405, 
            455.0
        ], 
        [
            1037.8947645940375, 
            258.9431271855285, 
            455.0
        ], 
        [
            1018.2758692547523, 
            265.64929392347165, 
            455.0
        ], 
        [
            999.9496895658247, 
            271.03819277814455, 
            455.0
        ], 
        [
            1096.5534024536987, 
            225.7755282998241, 
            455.0
        ], 
        [
            1118.7786508173695, 
            220.36633811144347, 
            455.0
        ], 
        [
            1079.5519140256947, 
            229.83629882385162, 
            455.0
        ], 
        [
            1330.121178142218, 
            213.3312935906182, 
            598.0
        ], 
        [
            1348.5653217511212, 
            221.6903033230691, 
            598.0000000000002
        ], 
        [
            1341.5084637907516, 
            237.56274175639643, 
            598.0
        ], 
        [
            1333.2463039261213, 
            254.67287751042096, 
            597.9999999999998
        ], 
        [
            1338.3939147878718, 
            270.4630421099263, 
            598.0
        ], 
        [
            1350.915260723584, 
            288.6372716760966, 
            598.0000000000002
        ], 
        [
            1369.42774057872, 
            299.4529780880106, 
            598.0
        ], 
        [
            1391.5249238613412, 
            305.36183195076984, 
            598.0
        ], 
        [
            1418.5544595390018, 
            313.6685695262777, 
            598.0
        ], 
        [
            1411.3996961963876, 
            323.49164726994417, 
            598.0
        ], 
        [
            1399.5914143325933, 
            346.7923068278723, 
            598.0
        ], 
        [
            1375.3070984415317, 
            356.7784195579558, 
            598.0000000000002
        ], 
        [
            1355.758653463812, 
            358.1714564778698, 
            598.0
        ], 
        [
            1333.6993390688208, 
            355.91992586928853, 
            598.0
        ], 
        [
            1316.6909732320773, 
            363.4029571572526, 
            598.0
        ], 
        [
            1303.3672987963953, 
            372.0794250798299, 
            598.0
        ], 
        [
            1286.3654975793047, 
            380.7918101457291, 
            598.0
        ], 
        [
            1279.2667576799774, 
            396.76453687599036, 
            598.0
        ], 
        [
            1172.3162900541063, 
            370.78451254517677, 
            598.0
        ], 
        [
            1191.9824460533105, 
            375.50568508748023, 
            598.0
        ], 
        [
            1215.2537607253805, 
            375.30090967535966, 
            598.0
        ], 
        [
            1232.4525296258018, 
            378.82006544195013, 
            598.0
        ], 
        [
            1247.3121085989549, 
            389.7030304702454, 
            598.0
        ], 
        [
            1265.7760462865037, 
            395.66001734942154, 
            598.0
        ], 
        [
            1222.2848764327096, 
            269.0062720825106, 
            598.0
        ], 
        [
            1244.2111398890745, 
            263.94734305462396, 
            598.0
        ], 
        [
            1263.7240434233481, 
            261.34654899201064, 
            598.0
        ], 
        [
            1280.6566208436952, 
            250.24333305713978, 
            598.0000000000002
        ], 
        [
            1296.3207681152535, 
            236.72238003178174, 
            598.0
        ], 
        [
            1309.5344976404222, 
            223.22976974220848, 
            598.0
        ], 
        [
            1169.9661936194632, 
            287.7373432395876, 
            597.9999999999998
        ], 
        [
            1187.0210370519248, 
            282.714222021395, 
            598.0
        ], 
        [
            1206.481346357898, 
            275.234030257163, 
            597.9999999999998
        ], 
        [
            1161.5838863930703, 
            301.2291947858836, 
            598.0
        ], 
        [
            1158.10852883626, 
            315.90729613327517, 
            598.0
        ], 
        [
            1152.2150762978304, 
            333.0580961134731, 
            598.0
        ], 
        [
            1159.7398729974752, 
            346.43601773786384, 
            598.0
        ], 
        [
            1166.0103467288807, 
            357.38503507769883, 
            598.0000000000002
        ], 
        [
            752.238006666683, 
            281.51829291259355, 
            598.0
        ], 
        [
            724.0551137616662, 
            286.64187434637944, 
            597.9999999999998
        ], 
        [
            697.1006545910133, 
            294.2002972811778, 
            598.0000000000002
        ], 
        [
            670.1339850097986, 
            301.76214419293746, 
            598.0
        ], 
        [
            649.2846460863077, 
            306.8297728228753, 
            597.9999999999998
        ], 
        [
            623.5248524636593, 
            314.38687929569585, 
            598.0
        ], 
        [
            601.4391484493929, 
            321.91565282305396, 
            598.0
        ], 
        [
            580.5730152716435, 
            329.43698979450016, 
            598.0
        ], 
        [
            587.9945973772762, 
            346.5113355940124, 
            598.0
        ], 
        [
            606.4465270158839, 
            351.2494671684862, 
            598.0
        ], 
        [
            629.7759177955998, 
            344.92419556724985, 
            598.0000000000002
        ], 
        [
            646.9443390633372, 
            336.20676684745104, 
            598.0
        ], 
        [
            672.6965389683435, 
            326.1956892839613, 
            597.9999999999998
        ], 
        [
            691.098266735702, 
            322.3676452964856, 
            598.0
        ], 
        [
            714.4116293353234, 
            319.72120119865605, 
            598.0000000000002
        ], 
        [
            737.7123626093564, 
            315.85283481837496, 
            598.0
        ], 
        [
            758.5522889744598, 
            312.0066351035342, 
            598.0000000000002
        ], 
        [
            769.4815569568858, 
            293.5844394991557, 
            598.0
        ], 
        [
            829.8210417289059, 
            143.19721809259505, 
            741.0
        ], 
        [
            815.1137920054568, 
            147.81652149510847, 
            741.0000000000002
        ], 
        [
            803.8344227004301, 
            156.91460567615866, 
            740.9999999999998
        ], 
        [
            793.6990193132023, 
            168.26107689762284, 
            741.0
        ], 
        [
            775.593686366215, 
            176.29555422462755, 
            741.0
        ], 
        [
            757.4867037095079, 
            185.4612802700861, 
            741.0000000000002
        ], 
        [
            733.6871082653427, 
            193.54932779925542, 
            741.0
        ], 
        [
            712.136891946958, 
            199.3657939010688, 
            740.9999999999998
        ], 
        [
            692.8457726554541, 
            204.03719701427667, 
            740.9999999999998
        ], 
        [
            676.9622314367278, 
            209.81139014744184, 
            740.9999999999998
        ], 
        [
            658.8211179860898, 
            221.25389907317643, 
            741.0
        ], 
        [
            571.3348375483732, 
            259.29091370764576, 
            741.0
        ], 
        [
            586.1041504540198, 
            246.72235019709728, 
            740.9999999999998
        ], 
        [
            600.8821735286947, 
            240.94519628966594, 
            741.0
        ], 
        [
            620.198310768906, 
            232.87164835862814, 
            741.0
        ], 
        [
            642.9283262662304, 
            228.16371794076895, 
            741.0
        ], 
        [
            503.0838802307925, 
            364.2223482545576, 
            740.9999999999998
        ], 
        [
            512.1997207937247, 
            347.09833325705154, 
            741.0
        ], 
        [
            522.4503444419653, 
            331.1123500025369, 
            741.0
        ], 
        [
            537.2579625533389, 
            318.5020771960028, 
            741.0000000000002
        ], 
        [
            555.4657509906486, 
            300.201537153145, 
            741.0000000000002
        ], 
        [
            564.5447407431038, 
            280.86049035612984, 
            741.0000000000002
        ], 
        [
            571.8256050173036, 
            503.79387171851465, 
            741.0000000000002
        ], 
        [
            575.219292373572, 
            485.48522730160926, 
            741.0000000000002
        ], 
        [
            561.4725679252576, 
            471.9110863684568, 
            740.9999999999998
        ], 
        [
            546.5940105848387, 
            461.7758804939761, 
            741.0
        ], 
        [
            549.9963937263844, 
            444.63662686373334, 
            741.0
        ], 
        [
            546.5423495652835, 
            427.57069764099606, 
            741.0000000000002
        ], 
        [
            546.5148255641384, 
            409.3468316882009, 
            741.0
        ], 
        [
            533.9354781260145, 
            395.79842454544615, 
            741.0
        ], 
        [
            522.5021383020758, 
            381.10864042277876, 
            741.0000000000002
        ], 
        [
            511.0819014283918, 
            375.522174596737, 
            741.0
        ], 
        [
            596.0239553985638, 
            575.6606643053059, 
            741.0
        ], 
        [
            584.5367763619172, 
            560.8765139591385, 
            741.0
        ], 
        [
            574.1955059421741, 
            543.7998907150442, 
            740.9999999999998
        ], 
        [
            566.1320450876761, 
            517.5635189905767, 
            741.0
        ], 
        [
            1328.73422648014, 
            332.10905242036995, 
            741.0
        ], 
        [
            1307.283304464489, 
            337.9559214990238, 
            741.0
        ], 
        [
            1283.628236120786, 
            348.35593692139287, 
            741.0
        ], 
        [
            1262.1406024023904, 
            353.0754862605014, 
            741.0000000000002
        ], 
        [
            1237.274676612502, 
            360.09345031640754, 
            741.0000000000002
        ], 
        [
            1219.1771835708362, 
            364.787085258896, 
            741.0000000000002
        ], 
        [
            1203.3619234888897, 
            370.59651324525964, 
            740.9999999999998
        ], 
        [
            1181.813241816509, 
            373.0542700808449, 
            740.9999999999998
        ], 
        [
            1165.940067726632, 
            375.46279012583364, 
            741.0
        ], 
        [
            1147.7604984185377, 
            375.622306874998, 
            741.0
        ], 
        [
            1131.8662483284538, 
            376.89667594780394, 
            740.9999999999998
        ], 
        [
            1112.5595420583984, 
            378.20119943267576, 
            741.0
        ], 
        [
            1100.098342902602, 
            381.71621525868994, 
            741.0
        ], 
        [
            1079.7298387426918, 
            389.8440786153434, 
            741.0
        ], 
        [
            1067.3814027564447, 
            403.5858661551622, 
            741.0000000000002
        ], 
        [
            1050.3557092904948, 
            407.1465288001219, 
            741.0
        ], 
        [
            1025.334242276382, 
            408.5056225795388, 
            740.9999999999998
        ], 
        [
            1000.295137113787, 
            408.72824766806013, 
            741.0
        ], 
        [
            980.989535955941, 
            413.448066012098, 
            741.0
        ], 
        [
            957.1006490570076, 
            415.93545430481487, 
            741.0
        ], 
        [
            940.0498879525569, 
            419.499965766694, 
            740.9999999999998
        ], 
        [
            924.1236713061519, 
            421.91754384650073, 
            741.0
        ], 
        [
            711.0964366174671, 
            458.0033299269061, 
            741.0
        ], 
        [
            715.7351407793271, 
            472.78759694433063, 
            741.0
        ], 
        [
            710.1060819114105, 
            489.9573471645395, 
            741.0000000000002
        ], 
        [
            712.4783539426815, 
            508.20785234094234, 
            741.0
        ], 
        [
            720.540085296788, 
            520.7027934721831, 
            741.0
        ], 
        [
            729.7544670008992, 
            534.3359925632909, 
            741.0
        ], 
        [
            740.1228277565676, 
            549.1090117270586, 
            741.0
        ], 
        [
            757.3266096710901, 
            558.1018160332447, 
            741.0
        ], 
        [
            769.9529607894438, 
            565.9952464199345, 
            741.0
        ], 
        [
            784.8767193171162, 
            575.0138205827343, 
            741.0
        ], 
        [
            789.5381792103444, 
            588.7151648068449, 
            741.0000000000002
        ], 
        [
            779.2974123103794, 
            597.9811145711353, 
            741.0
        ], 
        [
            759.8557080770013, 
            600.4600427512066, 
            741.0
        ], 
        [
            741.5419571414405, 
            600.6355862363973, 
            741.0
        ], 
        [
            727.8050319519997, 
            600.7672593016995, 
            741.0
        ], 
        [
            709.4761681319612, 
            598.6497885918174, 
            741.0
        ], 
        [
            680.8505880053823, 
            598.9239341184668, 
            741.0
        ], 
        [
            659.0868649668648, 
            597.9856507797581, 
            741.0
        ], 
        [
            639.6115518070238, 
            597.0253398397749, 
            741.0
        ], 
        [
            616.6876416609232, 
            592.657849493992, 
            741.0
        ], 
        [
            904.7565176663696, 
            422.090626923175, 
            741.0
        ], 
        [
            883.1354980995243, 
            425.6978186916098, 
            741.0
        ], 
        [
            861.5169360298052, 
            430.44432622540046, 
            741.0
        ], 
        [
            842.1797037796732, 
            436.31055571625757, 
            741.0
        ], 
        [
            822.8274321233853, 
            441.04000053617165, 
            741.0
        ], 
        [
            806.8757746464214, 
            443.4618282383638, 
            741.0
        ], 
        [
            784.0971118698251, 
            449.3639946808356, 
            741.0
        ], 
        [
            768.1299521393513, 
            450.64782167578375, 
            741.0
        ], 
        [
            755.5646043758672, 
            448.4821262086689, 
            741.0
        ], 
        [
            739.5816876768605, 
            447.4868169507471, 
            741.0
        ], 
        [
            725.8860663294317, 
            447.61041337919767, 
            741.0
        ], 
        [
            1243.520007687379, 
            249.17592730125307, 
            741.0
        ], 
        [
            1222.048089526846, 
            252.74123244871473, 
            741.0000000000002
        ], 
        [
            1198.287204676613, 
            255.19738207870824, 
            740.9999999999998
        ], 
        [
            1118.3029624430337, 
            206.2133976402667, 
            741.0
        ], 
        [
            1142.2083280660338, 
            215.03781084493536, 
            741.0
        ], 
        [
            1151.5749051295486, 
            237.52279025028503, 
            740.9999999999998
        ], 
        [
            1166.5390521530448, 
            254.3326728111811, 
            740.9999999999998
        ], 
        [
            853.6082701014136, 
            140.75814748066676, 
            741.0
        ], 
        [
            875.1954123162308, 
            147.34010518531306, 
            741.0000000000002
        ], 
        [
            894.5087519197425, 
            152.81511501939667, 
            741.0
        ], 
        [
            908.2060911011696, 
            163.96574928778563, 
            740.9999999999998
        ], 
        [
            992.220864881749, 
            179.0613280462121, 
            741.0
        ], 
        [
            974.0444486552744, 
            174.70147348349735, 
            740.9999999999998
        ], 
        [
            957.0783831004485, 
            178.21750917372526, 
            741.0
        ], 
        [
            941.1677196452952, 
            173.83901077440663, 
            740.9999999999998
        ], 
        [
            924.1347538156984, 
            170.5962045783025, 
            741.0
        ], 
        [
            1010.4464941148747, 
            187.92816869890362, 
            741.0
        ], 
        [
            1011.7979171433008, 
            208.20944531354075, 
            741.0
        ], 
        [
            1005.1397411990823, 
            221.8013251041265, 
            741.0
        ], 
        [
            1014.3576407194291, 
            235.27009023793326, 
            741.0
        ], 
        [
            1020.1888262064008, 
            249.90298271120892, 
            741.0
        ], 
        [
            1037.332395162292, 
            261.05875344267787, 
            741.0
        ], 
        [
            1060.0888955901685, 
            266.51925909194154, 
            741.0000000000002
        ], 
        [
            1079.3612587037496, 
            265.2277849898294, 
            741.0
        ], 
        [
            1098.5736964665516, 
            259.41752818866973, 
            741.0
        ], 
        [
            1106.2839330389743, 
            241.28382348115363, 
            740.9999999999998
        ], 
        [
            1103.7753994311017, 
            222.11995703192335, 
            741.0000000000002
        ], 
        [
            1330.0339788305002, 
            208.99341804749037, 
            741.0
        ], 
        [
            1310.8609813386104, 
            212.53041453474685, 
            741.0
        ], 
        [
            1295.2064868419047, 
            223.9303357332034, 
            740.9999999999998
        ], 
        [
            1287.4490999680563, 
            234.14340037939482, 
            740.9999999999998
        ], 
        [
            1271.7440808065744, 
            243.29866721914914, 
            741.0000000000002
        ], 
        [
            1341.6365416374788, 
            225.80314735206753, 
            741.0
        ], 
        [
            1366.6241917706407, 
            231.2343243131903, 
            741.0000000000002
        ], 
        [
            1372.5630998932616, 
            246.97488828838326, 
            740.9999999999998
        ], 
        [
            1384.1647639720363, 
            262.6773117310905, 
            741.0
        ], 
        [
            1373.0481284618418, 
            274.0617551745568, 
            741.0
        ], 
        [
            1387.9711963917366, 
            285.23214711972685, 
            740.9999999999998
        ], 
        [
            1391.6776952519763, 
            302.15393887043723, 
            740.9999999999998
        ], 
        [
            1379.2586005610442, 
            304.5210412643821, 
            741.0
        ], 
        [
            1342.1637274223826, 
            321.8062879495884, 
            741.0
        ], 
        [
            1352.0485705600313, 
            303.6220689535104, 
            741.0
        ], 
        [
            1181.4310788930047, 
            219.5614102195698, 
            897.0
        ], 
        [
            1201.4756368938283, 
            222.53993362287724, 
            897.0
        ], 
        [
            1221.4133146940576, 
            223.53929447541844, 
            897.0000000000002
        ], 
        [
            1241.4249542296104, 
            226.51347212748357, 
            897.0000000000002
        ], 
        [
            1265.3188028951768, 
            231.4659073942827, 
            897.0
        ], 
        [
            1291.8430782167775, 
            233.44672972997836, 
            897.0
        ], 
        [
            1313.6209148581152, 
            235.4245685372133, 
            897.0
        ], 
        [
            1333.4165167676463, 
            236.4109397279226, 
            897.0000000000002
        ], 
        [
            1351.1429591280655, 
            235.419894065981, 
            897.0
        ], 
        [
            1369.3260427011421, 
            229.50735972692723, 
            897.0000000000002
        ], 
        [
            1385.3743637781251, 
            221.6666673431818, 
            897.0000000000002
        ], 
        [
            1405.4401535584373, 
            227.55253215146456, 
            897.0
        ], 
        [
            1409.138014840573, 
            246.27428722834992, 
            897.0
        ], 
        [
            1395.229408002948, 
            257.2189780934579, 
            897.0
        ], 
        [
            1380.9445060759454, 
            265.23756917427175, 
            897.0000000000002
        ], 
        [
            1371.4712869648429, 
            275.30813478552136, 
            897.0
        ], 
        [
            1364.178201417543, 
            289.4984628515731, 
            897.0
        ], 
        [
            1360.8067123418605, 
            305.8436108479277, 
            897.0
        ], 
        [
            1358.7058102849612, 
            326.47574916106373, 
            897.0000000000002
        ], 
        [
            1360.0891689098373, 
            343.1312273492024, 
            897.0000000000002
        ], 
        [
            1344.038490827351, 
            347.4199661836957, 
            897.0000000000002
        ], 
        [
            1333.1628152106832, 
            356.9604214192443, 
            897.0000000000002
        ], 
        [
            1004.0106895301177, 
            134.6120401093423, 
            897.0
        ], 
        [
            1022.8901665008166, 
            137.56902900851122, 
            897.0000000000002
        ], 
        [
            1040.818385183796, 
            137.66080296414427, 
            897.0
        ], 
        [
            1058.7212050924106, 
            139.65625670415398, 
            897.0
        ], 
        [
            1077.5390173936207, 
            140.70235439783823, 
            897.0
        ], 
        [
            1093.5822276538877, 
            146.49775636058436, 
            897.0
        ], 
        [
            1105.9744315974692, 
            157.07430370835002, 
            897.0
        ], 
        [
            1119.3850768245136, 
            168.66576105382447, 
            897.0
        ], 
        [
            1126.3163341940065, 
            183.2085470625081, 
            897.0
        ], 
        [
            1135.2698121790215, 
            200.8000770033104, 
            897.0
        ], 
        [
            1151.74561087197, 
            212.6240186853639, 
            897.0
        ], 
        [
            1319.453938007012, 
            368.7039899991918, 
            897.0
        ], 
        [
            1307.3754232807296, 
            377.31729993648764, 
            896.9999999999998
        ], 
        [
            1276.3125778649055, 
            397.9940914705121, 
            897.0
        ], 
        [
            1292.4238104401238, 
            388.152318413084, 
            897.0
        ], 
        [
            785.8972550730479, 
            261.1142516385427, 
            897.0
        ], 
        [
            793.0861435496568, 
            273.5222251744634, 
            897.0
        ], 
        [
            807.3594779526554, 
            285.98227043366603, 
            897.0
        ], 
        [
            816.6035802655626, 
            299.57385031342733, 
            897.0
        ], 
        [
            820.9712741741657, 
            311.15425112138325, 
            897.0
        ], 
        [
            815.9856365852947, 
            327.1049482883549, 
            897.0000000000002
        ], 
        [
            647.1256217990388, 
            325.79488797806914, 
            897.0000000000002
        ], 
        [
            669.0982601388764, 
            333.21712433948494, 
            897.0
        ], 
        [
            692.4330557657456, 
            337.40452196144696, 
            897.0
        ], 
        [
            707.7996543030637, 
            338.3983493947986, 
            897.0
        ], 
        [
            724.267949685652, 
            338.3070356851523, 
            897.0
        ], 
        [
            745.8392767576408, 
            338.187426590791, 
            897.0
        ], 
        [
            766.4150935834436, 
            336.998506633729, 
            897.0
        ], 
        [
            793.4068253611432, 
            330.42303880282145, 
            896.9999999999998
        ], 
        [
            883.4198957589891, 
            171.75756030923145, 
            896.9999999999998
        ], 
        [
            902.0879101599232, 
            164.0127309409169, 
            897.0000000000002
        ], 
        [
            919.7127472262403, 
            155.3436629540885, 
            897.0
        ], 
        [
            928.7057400804489, 
            143.80554874465787, 
            897.0
        ], 
        [
            934.8618719451295, 
            129.4726253297066, 
            897.0
        ], 
        [
            953.8942157177454, 
            128.62530438266327, 
            897.0
        ], 
        [
            974.7369221394649, 
            129.69299836115906, 
            896.9999999999998
        ], 
        [
            805.0149362613532, 
            373.59249955688676, 
            897.0
        ], 
        [
            821.4651684485843, 
            373.47016284042536, 
            897.0
        ], 
        [
            850.2921527342177, 
            371.0766323686379, 
            897.0
        ], 
        [
            867.7251856796843, 
            369.8613471340615, 
            896.9999999999998
        ], 
        [
            889.1064049865826, 
            370.79246852642564, 
            897.0
        ], 
        [
            911.5048089817907, 
            370.6284870977228, 
            897.0
        ], 
        [
            929.7283239784043, 
            372.6650338424538, 
            897.0
        ], 
        [
            1085.210484486549, 
            406.27033959933124, 
            897.0000000000002
        ], 
        [
            1132.7094569862836, 
            416.7922328817035, 
            897.0
        ], 
        [
            1160.9194356852465, 
            419.8093111513649, 
            897.0
        ], 
        [
            1179.037145130649, 
            421.8252494569441, 
            897.0
        ], 
        [
            1196.1394272754394, 
            423.84984266608274, 
            897.0
        ], 
        [
            1221.018719241151, 
            421.39735683005586, 
            896.9999999999998
        ], 
        [
            1243.6451849245425, 
            415.6944393902527, 
            897.0
        ], 
        [
            1261.1419680095241, 
            408.9811233209663, 
            897.0000000000002
        ], 
        [
            950.9785850676419, 
            374.67692870305274, 
            897.0000000000002
        ], 
        [
            970.1200295797356, 
            379.96225714073614, 
            897.0
        ], 
        [
            987.2507715844852, 
            385.26803650725776, 
            897.0
        ], 
        [
            1007.4343283731218, 
            390.5533827425254, 
            897.0
        ], 
        [
            1028.6456148650734, 
            394.74034296752, 
            897.0000000000002
        ], 
        [
            1047.8334513061604, 
            396.7584623301768, 
            897.0
        ], 
        [
            1062.9897046296705, 
            402.09242808989995, 
            897.0
        ], 
        [
            1106.4035364537658, 
            409.3604586968638, 
            897.0
        ], 
        [
            537.6597157643779, 
            393.39272165347836, 
            896.9999999999998
        ], 
        [
            543.4314215386463, 
            373.3231969510729, 
            897.0
        ], 
        [
            551.1044399357278, 
            354.549439225249, 
            897.0
        ], 
        [
            582.0640555300904, 
            332.59272209665636, 
            897.0
        ], 
        [
            602.4647355217129, 
            327.0897523466823, 
            897.0
        ], 
        [
            621.3758843124298, 
            324.8442587097769, 
            897.0
        ], 
        [
            718.1421182709418, 
            399.65189024211736, 
            897.0
        ], 
        [
            737.6323502423638, 
            390.61335099292796, 
            897.0
        ], 
        [
            757.8706531487891, 
            383.8277297084045, 
            897.0
        ], 
        [
            779.8410522873203, 
            380.3562939336765, 
            897.0
        ], 
        [
            655.8915325953653, 
            479.8661535372437, 
            896.9999999999998
        ], 
        [
            662.2918662748463, 
            457.85191523641953, 
            897.0
        ], 
        [
            675.2963138169575, 
            443.97842969692124, 
            897.0
        ], 
        [
            676.6708905435326, 
            429.2062273278955, 
            897.0
        ], 
        [
            687.2064690632031, 
            417.8260509919063, 
            897.0
        ], 
        [
            700.7207019888181, 
            407.6117901352828, 
            897.0000000000002
        ], 
        [
            877.7921048154027, 
            189.4465194727126, 
            897.0
        ], 
        [
            859.8219080720934, 
            198.33074048909864, 
            897.0000000000002
        ], 
        [
            842.9267288765791, 
            203.28138714056576, 
            897.0
        ], 
        [
            828.386517200877, 
            217.28947568837484, 
            896.9999999999998
        ], 
        [
            810.254448439203, 
            223.32569056045895, 
            897.0
        ], 
        [
            795.7298903427389, 
            233.45513434176678, 
            897.0
        ], 
        [
            792.8612275463795, 
            246.7171870740798, 
            897.0
        ], 
        [
            528.5243875512192, 
            472.18859832650423, 
            897.0
        ], 
        [
            535.2678569645666, 
            487.27954521464216, 
            897.0
        ], 
        [
            540.6687905463559, 
            504.8539973124132, 
            897.0
        ], 
        [
            527.9397543463118, 
            527.6217007985774, 
            897.0
        ], 
        [
            535.7427546806297, 
            517.9650549017457, 
            896.9999999999998
        ], 
        [
            527.0468981967232, 
            543.2344270495971, 
            897.0000000000002
        ], 
        [
            537.2264199005855, 
            558.778872532925, 
            897.0
        ], 
        [
            544.5900253347033, 
            570.8144183982982, 
            897.0
        ], 
        [
            547.0943662310475, 
            586.684078781871, 
            897.0000000000002
        ], 
        [
            547.082043422123, 
            605.1983316482377, 
            897.0
        ], 
        [
            524.7879997332532, 
            410.3562847979988, 
            897.0000000000002
        ], 
        [
            518.6938452904886, 
            424.0045670737783, 
            897.0
        ], 
        [
            511.631101498749, 
            436.6200279294772, 
            897.0
        ], 
        [
            510.3852286778034, 
            453.86805038687635, 
            897.0
        ], 
        [
            518.7431248520019, 
            464.17907376307505, 
            897.0
        ], 
        [
            558.3361195630055, 
            642.4823209298653, 
            897.0000000000002
        ], 
        [
            553.659927941857, 
            624.9936787047554, 
            897.0
        ], 
        [
            602.7842670006303, 
            646.5707552046663, 
            897.0
        ], 
        [
            579.3061273017827, 
            645.8167291268102, 
            897.0
        ], 
        [
            645.3762856279182, 
            645.6482885670617, 
            897.0
        ], 
        [
            624.8434037310557, 
            649.8760459424568, 
            897.0
        ], 
        [
            697.5180452545576, 
            634.5022187581623, 
            897.0000000000002
        ], 
        [
            686.0922310362907, 
            638.4966048878215, 
            897.0
        ], 
        [
            672.1787177850766, 
            645.0677960177741, 
            897.0000000000002
        ], 
        [
            658.5536317041516, 
            647.8797148513208, 
            896.9999999999998
        ], 
        [
            758.3900958896832, 
            569.4573176978562, 
            897.0
        ], 
        [
            739.0982349553373, 
            566.1772022960231, 
            897.0
        ], 
        [
            722.3572209682811, 
            558.0354385587478, 
            897.0000000000002
        ], 
        [
            704.3684940425685, 
            552.3332828117444, 
            897.0000000000002
        ], 
        [
            693.5413720027011, 
            539.3467872337301, 
            896.9999999999998
        ], 
        [
            681.4755144814106, 
            528.8227633853876, 
            896.9999999999998
        ], 
        [
            668.4854663239562, 
            517.1727560131765, 
            897.0000000000002
        ], 
        [
            660.3211182529326, 
            500.8094863153192, 
            897.0
        ], 
        [
            781.8586987607084, 
            575.0789715114697, 
            897.0
        ], 
        [
            804.3250682135135, 
            579.5105741889332, 
            897.0
        ], 
        [
            818.2831005627143, 
            601.150303788277, 
            897.0000000000002
        ], 
        [
            839.6445484603584, 
            608.0758877814861, 
            897.0
        ], 
        [
            777.4717481278025, 
            626.6026928871954, 
            897.0
        ], 
        [
            761.0627115594903, 
            625.7031743346217, 
            897.0
        ], 
        [
            746.660259446319, 
            627.2436496980986, 
            897.0
        ], 
        [
            731.1230147197048, 
            628.8104332963132, 
            897.0
        ], 
        [
            714.3454063839228, 
            631.6521126291, 
            897.0
        ], 
        [
            830.1860282752018, 
            623.0341631435166, 
            896.9999999999998
        ], 
        [
            811.3985071889633, 
            627.1352352482203, 
            897.0
        ], 
        [
            796.1298759088161, 
            626.2145566889244, 
            897.0
        ], 
        [
            1267.7937807726944, 
            266.0610332789338, 
            1053.0
        ], 
        [
            1265.7705048141995, 
            288.56356182739296, 
            1053.0
        ], 
        [
            1255.303782542506, 
            302.8485643078735, 
            1053.0
        ], 
        [
            1251.1797860436359, 
            322.0283879739976, 
            1053.0
        ], 
        [
            1255.5736378870322, 
            336.4927597195893, 
            1053.0
        ], 
        [
            1266.5198889920716, 
            355.9056633038588, 
            1053.0
        ], 
        [
            1287.0420139785142, 
            370.4559418328849, 
            1053.0
        ], 
        [
            1267.8223670444522, 
            376.61834709722336, 
            1053.0
        ], 
        [
            1256.0181797473908, 
            388.71865640883095, 
            1053.0
        ], 
        [
            1249.4098469240992, 
            398.8365792471003, 
            1053.0
        ], 
        [
            1236.535389090559, 
            411.1323557718551, 
            1053.0
        ], 
        [
            1223.2980862907011, 
            418.43293618887185, 
            1053.0
        ], 
        [
            1215.2706270606282, 
            441.1224794546637, 
            1053.0
        ], 
        [
            1192.2728807408887, 
            439.4101236582685, 
            1053.0
        ], 
        [
            1165.3535970840935, 
            431.56386592422643, 
            1053.0
        ], 
        [
            1142.0915335867624, 
            421.624695044743, 
            1053.0
        ], 
        [
            1119.0032328970156, 
            416.82556847615245, 
            1053.0
        ], 
        [
            1099.5832146206044, 
            410.95537180719657, 
            1053.0
        ], 
        [
            986.4062018681847, 
            368.80059691573456, 
            1053.0
        ], 
        [
            1007.4641237949115, 
            377.6141944529669, 
            1053.0
        ], 
        [
            1024.8978762521479, 
            385.4836924324611, 
            1053.0
        ], 
        [
            1043.298459916551, 
            390.3205201454499, 
            1053.0
        ], 
        [
            1063.5707708678217, 
            399.19938305149276, 
            1053.0
        ], 
        [
            1083.8766167638419, 
            406.06248532921336, 
            1053.0
        ], 
        [
            1105.1268856533527, 
            204.10545139377302, 
            1053.0
        ], 
        [
            1090.4688048349424, 
            209.56975978588187, 
            1053.0
        ], 
        [
            1068.7673758698309, 
            215.98768471749239, 
            1053.0
        ], 
        [
            1049.5535214312663, 
            220.60472204243345, 
            1053.0
        ], 
        [
            1029.372803371033, 
            223.40543626209686, 
            1053.0
        ], 
        [
            1009.1101754057694, 
            226.21751807703905, 
            1053.0
        ], 
        [
            991.3878962149312, 
            230.88614056951087, 
            1053.0
        ], 
        [
            972.6717471378086, 
            236.51040068475234, 
            1053.0
        ], 
        [
            954.693265868674, 
            244.03312048489508, 
            1053.0
        ], 
        [
            942.8076541733963, 
            253.46261967680164, 
            1053.0
        ], 
        [
            930.100801688538, 
            258.2308221167467, 
            1053.0
        ], 
        [
            916.4388903248396, 
            263.02352626989057, 
            1053.0
        ], 
        [
            901.8534947536403, 
            266.8902031996249, 
            1053.0
        ], 
        [
            887.5193829454647, 
            264.1060591814378, 
            1053.0
        ], 
        [
            856.1843059122182, 
            257.6002516331473, 
            1053.0
        ], 
        [
            874.0895146237813, 
            261.3177418395807, 
            1053.0
        ], 
        [
            849.0201091957576, 
            271.9207795502638, 
            1053.0
        ], 
        [
            859.2593659526918, 
            284.3419467310529, 
            1053.0
        ], 
        [
            856.6388492761682, 
            298.8638783176051, 
            1053.0
        ], 
        [
            847.82820268628, 
            308.66644494048296, 
            1053.0
        ], 
        [
            830.7642372218163, 
            316.6324477002194, 
            1053.0
        ], 
        [
            822.2919651238358, 
            333.4877571937075, 
            1053.0
        ], 
        [
            840.5079558695132, 
            339.2867383176647, 
            1053.0
        ], 
        [
            854.0478868738466, 
            346.13458315963044, 
            1053.0
        ], 
        [
            870.6081219566397, 
            348.97047991614977, 
            1053.0
        ], 
        [
            887.2544052969756, 
            349.8074746840201, 
            1053.0
        ], 
        [
            901.1427842618679, 
            349.6725048409544, 
            1053.0
        ], 
        [
            919.5891814424557, 
            350.4896723019118, 
            1053.0
        ], 
        [
            936.068571115414, 
            354.31600941258546, 
            1053.0
        ], 
        [
            953.5010328082312, 
            357.13485160457986, 
            1053.0
        ], 
        [
            969.0204642712026, 
            362.9732369537692, 
            1053.0
        ], 
        [
            1127.4954193358776, 
            199.56426258712784, 
            1053.0
        ], 
        [
            1144.9887262739562, 
            208.58575817832414, 
            1053.0
        ], 
        [
            1152.3469156291667, 
            223.1291182682815, 
            1053.0
        ], 
        [
            1161.5630873160915, 
            239.6241894044203, 
            1053.0
        ], 
        [
            1173.4072023246565, 
            254.3930948204923, 
            1053.0
        ], 
        [
            1182.715773554196, 
            269.2843291726995, 
            1053.0
        ], 
        [
            1196.9438099118756, 
            274.84056183614746, 
            1053.0
        ], 
        [
            1212.8516197880783, 
            278.5137497191473, 
            1053.0
        ], 
        [
            1233.6916911213225, 
            276.51899653042784, 
            1053.0
        ], 
        [
            1249.6680179387567, 
            267.08137901181954, 
            1053.0
        ], 
        [
            550.3898128538134, 
            512.5325749132164, 
            1053.0
        ], 
        [
            552.87813512594, 
            531.4480532042614, 
            1053.0000000000002
        ], 
        [
            549.4434595950321, 
            549.5432473853969, 
            1053.0
        ], 
        [
            538.5770149921367, 
            562.2737286443355, 
            1053.0
        ], 
        [
            534.9615579327981, 
            573.7910770765957, 
            1053.0000000000002
        ], 
        [
            523.8568498530615, 
            594.8171957859648, 
            1053.0
        ], 
        [
            514.9823641856663, 
            606.673633092991, 
            1053.0
        ], 
        [
            506.21369055183675, 
            617.4345874039435, 
            1053.0
        ], 
        [
            570.63907203543, 
            518.8122994070964, 
            1053.0
        ], 
        [
            586.0233348612948, 
            524.0808096256576, 
            1053.0
        ], 
        [
            601.0196941317306, 
            532.7183951394151, 
            1053.0
        ], 
        [
            615.3164720638324, 
            539.1513435796121, 
            1052.9999999999998
        ], 
        [
            632.1550787231886, 
            550.0499555690899, 
            1053.0
        ], 
        [
            648.2956389873254, 
            558.7430759431604, 
            1053.0
        ], 
        [
            665.8403929178232, 
            564.0246070758878, 
            1052.9999999999998
        ], 
        [
            679.9323975949019, 
            573.9421422350614, 
            1053.0
        ], 
        [
            694.979059418256, 
            585.0210224799562, 
            1053.0
        ], 
        [
            713.5313161595576, 
            591.4650943825484, 
            1052.9999999999998
        ], 
        [
            1081.876883509288, 
            580.4551926229127, 
            1053.0
        ], 
        [
            1065.456236776419, 
            583.0917275424742, 
            1053.0
        ], 
        [
            1041.2118042331495, 
            588.1793521424097, 
            1053.0
        ], 
        [
            1024.6755863977485, 
            587.4474294420124, 
            1052.9999999999998
        ], 
        [
            1003.173722972799, 
            592.492599785251, 
            1053.0
        ], 
        [
            972.7071018995472, 
            598.9191517340607, 
            1053.0
        ], 
        [
            737.2487297793502, 
            596.6434809275588, 
            1053.0
        ], 
        [
            756.1142606410115, 
            599.6383659923472, 
            1053.0
        ], 
        [
            778.9930229087206, 
            602.5333779027939, 
            1053.0
        ], 
        [
            803.8578267880478, 
            605.3762142921607, 
            1053.0
        ], 
        [
            836.8267473417313, 
            605.710691840722, 
            1053.0
        ], 
        [
            685.9802245501787, 
            648.143511092433, 
            1053.0000000000002
        ], 
        [
            716.2401139662409, 
            641.4224162988518, 
            1053.0
        ], 
        [
            735.1589156361346, 
            646.8120646876002, 
            1052.9999999999998
        ], 
        [
            747.9659323017036, 
            652.3742366185336, 
            1053.0
        ], 
        [
            391.9650761308685, 
            682.7856267460195, 
            1053.0
        ], 
        [
            411.15688305060974, 
            676.1475024911714, 
            1053.0
        ], 
        [
            430.24762863768456, 
            669.5443336568878, 
            1052.9999999999998
        ], 
        [
            449.6165359846209, 
            660.5552514065615, 
            1053.0
        ], 
        [
            488.49981668459327, 
            646.3153801910685, 
            1052.9999999999998
        ], 
        [
            498.960352143902, 
            631.7744113552656, 
            1053.0
        ], 
        [
            471.8371174377263, 
            652.7423885604692, 
            1053.0000000000002
        ], 
        [
            319.19158871810623, 
            723.2444967571174, 
            1053.0
        ], 
        [
            325.4919319288082, 
            741.8797432551692, 
            1053.0
        ], 
        [
            335.9012343939297, 
            750.3900423007017, 
            1052.9999999999998
        ], 
        [
            350.5006066965601, 
            760.0615407399451, 
            1052.9999999999998
        ], 
        [
            362.3047212937922, 
            767.3089003049192, 
            1053.0
        ], 
        [
            386.1827107853104, 
            767.7847637957296, 
            1053.0
        ], 
        [
            420.8465359574643, 
            761.5434646775373, 
            1053.0
        ], 
        [
            402.5774390684247, 
            767.2356773413487, 
            1053.0
        ], 
        [
            556.116536872849, 
            687.7891628894657, 
            1052.9999999999998
        ], 
        [
            546.4198498809775, 
            697.8254034827949, 
            1053.0
        ], 
        [
            533.8093330144084, 
            705.5525760422529, 
            1053.0
        ], 
        [
            520.4060304011075, 
            710.8773674487758, 
            1053.0
        ], 
        [
            505.70903541656116, 
            717.4979551108238, 
            1053.0
        ], 
        [
            490.40519039949504, 
            727.8951170716755, 
            1053.0000000000002
        ], 
        [
            474.81304106671405, 
            739.6202723386384, 
            1053.0
        ], 
        [
            460.1855848727357, 
            751.397585978208, 
            1053.0
        ], 
        [
            445.73190358195404, 
            754.3938704962374, 
            1052.9999999999998
        ], 
        [
            372.8872335728954, 
            688.2269652772472, 
            1053.0
        ], 
        [
            354.7978947057545, 
            693.6623058691549, 
            1053.0
        ], 
        [
            344.6428164022666, 
            696.4209093588134, 
            1053.0
        ], 
        [
            330.06517915657946, 
            705.4976931843088, 
            1053.0
        ], 
        [
            947.9600742462063, 
            605.2409305909148, 
            1053.0
        ], 
        [
            925.1944220879665, 
            606.9550034539427, 
            1053.0
        ], 
        [
            905.3311768115072, 
            608.6000785165744, 
            1053.0
        ], 
        [
            886.404003557497, 
            610.2250158814394, 
            1053.0000000000002
        ], 
        [
            860.607344224604, 
            608.5704612866423, 
            1053.0
        ], 
        [
            903.5120505898786, 
            630.5978983023973, 
            1053.0
        ], 
        [
            881.2133845729171, 
            638.1806235028436, 
            1053.0
        ], 
        [
            855.9268973996229, 
            642.3703063842809, 
            1053.0
        ], 
        [
            836.9042606027734, 
            640.539255093455, 
            1053.0000000000002
        ], 
        [
            819.8821602380676, 
            638.6523307744178, 
            1053.0
        ], 
        [
            797.4808274646145, 
            641.5983967243711, 
            1052.9999999999998
        ], 
        [
            782.8760203753557, 
            647.8767363241138, 
            1052.9999999999998
        ], 
        [
            768.4604034713386, 
            650.6304565387406, 
            1053.0
        ], 
        [
            642.991080429178, 
            656.4440009179864, 
            1053.0
        ], 
        [
            626.158002611802, 
            659.2938008372614, 
            1053.0
        ], 
        [
            607.6794587957903, 
            666.9908422336633, 
            1053.0
        ], 
        [
            591.6141554925053, 
            671.0480084024697, 
            1053.0
        ], 
        [
            576.2391403151591, 
            677.5136101950018, 
            1053.0
        ], 
        [
            668.3765612358384, 
            649.8059626585865, 
            1053.0
        ], 
        [
            701.59390916085, 
            645.3558577709813, 
            1052.9999999999998
        ], 
        [
            1250.7579368440784, 
            605.5705721446614, 
            1053.0
        ], 
        [
            1255.5144118733344, 
            622.4494316360771, 
            1053.0
        ], 
        [
            1248.583792500492, 
            636.3507073934323, 
            1053.0000000000002
        ], 
        [
            1236.5901669355746, 
            647.0402045612898, 
            1052.9999999999998
        ], 
        [
            1221.2283335127556, 
            649.7815928997011, 
            1053.0
        ], 
        [
            1199.805510611202, 
            648.0668236659809, 
            1053.0
        ], 
        [
            1183.2125364075282, 
            646.2147874448038, 
            1053.0
        ], 
        [
            1072.4788493115748, 
            618.1043494666366, 
            1053.0
        ], 
        [
            1049.9901183890481, 
            618.6868258394784, 
            1053.0
        ], 
        [
            1031.3755257916528, 
            616.8736528092875, 
            1053.0
        ], 
        [
            1012.7219476959701, 
            617.3542366506091, 
            1053.0
        ], 
        [
            994.0267306385194, 
            617.83589326255, 
            1053.0
        ], 
        [
            982.1588359458457, 
            620.4437110765691, 
            1053.0
        ], 
        [
            970.2827563090974, 
            621.9042060722511, 
            1053.0
        ], 
        [
            956.3466941742832, 
            625.7318899599011, 
            1053.0
        ], 
        [
            943.3557269560372, 
            629.5467316551395, 
            1053.0
        ], 
        [
            925.4494023902917, 
            630.019141153331, 
            1053.0
        ], 
        [
            1089.2464047363055, 
            633.7598843285698, 
            1052.9999999999998
        ], 
        [
            1104.055159468425, 
            642.6099425751452, 
            1052.9999999999998
        ], 
        [
            1122.688273643013, 
            644.4154725015458, 
            1053.0
        ], 
        [
            1142.2786084687443, 
            646.1921378567145, 
            1053.0
        ], 
        [
            1158.9578016587818, 
            649.2068380790124, 
            1053.0
        ], 
        [
            1100.2206387363465, 
            581.1425545342697, 
            1053.0
        ], 
        [
            1162.3213921585957, 
            569.6388326321705, 
            1052.9999999999998
        ], 
        [
            1146.0862897839063, 
            570.014212560493, 
            1053.0
        ], 
        [
            1130.8025500293838, 
            571.4815090278195, 
            1053.0
        ], 
        [
            1118.426245220871, 
            576.2341741079449, 
            1053.0
        ], 
        [
            1220.7845756501843, 
            578.2820892916336, 
            1053.0
        ], 
        [
            1199.6301214227421, 
            573.2174182911857, 
            1053.0
        ], 
        [
            1180.469122260138, 
            570.3298170217566, 
            1053.0
        ], 
        [
            1235.3034345680885, 
            583.5089635158877, 
            1053.0
        ], 
        [
            1246.1614700114292, 
            591.0707263435528, 
            1053.0
        ], 
        [
            1142.6448965712623, 
            249.33782034830568, 
            1260.0
        ], 
        [
            1149.7238644967292, 
            264.91624371044657, 
            1260.0
        ], 
        [
            1164.4921370323168, 
            276.23688525578166, 
            1260.0
        ], 
        [
            1148.5378585960912, 
            286.5801346877596, 
            1260.0
        ], 
        [
            1131.0804995217404, 
            298.6263412712113, 
            1260.0
        ], 
        [
            1113.290462844944, 
            307.48676132130095, 
            1260.0
        ], 
        [
            1094.5951688921455, 
            315.5920726843415, 
            1260.0
        ], 
        [
            1077.2217046163396, 
            320.4066717119998, 
            1260.0
        ], 
        [
            1059.410477172019, 
            330.11388134295663, 
            1260.0
        ], 
        [
            1043.0750338547377, 
            327.5801354053066, 
            1260.0
        ], 
        [
            1033.2370185121868, 
            314.2549276541462, 
            1260.0
        ], 
        [
            1030.0778790771315, 
            303.9207574847312, 
            1260.0
        ], 
        [
            1048.4859523997304, 
            303.10278705620203, 
            1260.0
        ], 
        [
            1064.005478441615, 
            295.98090652262727, 
            1260.0
        ], 
        [
            1075.1805392788349, 
            285.057596423846, 
            1260.0
        ], 
        [
            1083.7298318676071, 
            271.89249462168306, 
            1260.0
        ], 
        [
            1078.8563314029855, 
            251.46844106908623, 
            1260.0
        ], 
        [
            1092.5087972030046, 
            242.93951615812773, 
            1260.0
        ], 
        [
            1112.1754827390037, 
            239.66598032597523, 
            1260.0
        ], 
        [
            882.5739319336309, 
            571.5719612655319, 
            1260.0
        ], 
        [
            901.8787496149118, 
            574.3747588045529, 
            1260.0
        ], 
        [
            922.1655176480675, 
            573.5992681281734, 
            1260.0
        ], 
        [
            945.7917073019471, 
            571.5140043282157, 
            1260.0
        ], 
        [
            976.1433110604136, 
            567.9883819137026, 
            1260.0
        ], 
        [
            1008.8481425299191, 
            565.5532359690245, 
            1260.0
        ], 
        [
            1038.8619475836322, 
            556.1295128008566, 
            1259.9999999999998
        ], 
        [
            1065.6991999259455, 
            550.3738419694463, 
            1260.0
        ], 
        [
            1114.4951248858097, 
            549.672283972352, 
            1260.0
        ], 
        [
            1144.2751154584194, 
            552.0720681462884, 
            1260.0
        ], 
        [
            1102.8362834938914, 
            514.8404476541455, 
            1260.0
        ], 
        [
            1404.06661228867, 
            599.5720841219232, 
            1260.0000000000002
        ], 
        [
            1397.160503860916, 
            610.7003568920583, 
            1260.0
        ], 
        [
            1383.6778979934018, 
            625.73576145641, 
            1260.0
        ], 
        [
            1356.4135607906755, 
            620.6803719190868, 
            1260.0
        ], 
        [
            1332.6829571561002, 
            615.5096374589261, 
            1259.9999999999998
        ], 
        [
            1304.7288761670757, 
            602.0766275690902, 
            1260.0
        ], 
        [
            1282.7592025763338, 
            589.6848088094122, 
            1260.0
        ], 
        [
            1265.7960953038414, 
            580.7440602644152, 
            1260.0
        ], 
        [
            1247.9573345922267, 
            574.2518205621018, 
            1260.0
        ], 
        [
            1231.5172453654764, 
            570.1066241787959, 
            1259.9999999999998
        ], 
        [
            1208.0545895984774, 
            563.8595320871093, 
            1260.0
        ], 
        [
            1189.3103257168777, 
            558.6374400610845, 
            1260.0
        ], 
        [
            1173.0765177243484, 
            555.7020126916788, 
            1259.9999999999998
        ], 
        [
            624.8927776404175, 
            562.7082540288224, 
            1260.0
        ], 
        [
            644.8588393584245, 
            559.5995564704308, 
            1260.0
        ], 
        [
            663.7385954378598, 
            557.7002157200826, 
            1260.0000000000002
        ], 
        [
            687.0301265589017, 
            553.2935905478068, 
            1260.0
        ], 
        [
            705.9796610152551, 
            553.7259549071448, 
            1260.0000000000002
        ], 
        [
            920.5128328322414, 
            518.5037734662498, 
            1260.0
        ], 
        [
            941.982319277545, 
            521.1586482934376, 
            1260.0
        ], 
        [
            966.857606169889, 
            523.6861146579984, 
            1260.0
        ], 
        [
            989.3930443099433, 
            523.9719503092847, 
            1260.0
        ], 
        [
            1010.9028274079412, 
            525.4699593960999, 
            1260.0
        ], 
        [
            1031.0163273422118, 
            522.3409848100797, 
            1260.0
        ], 
        [
            1314.8194831973808, 
            518.290530928939, 
            1260.0
        ], 
        [
            1337.0937736890771, 
            523.3247811403718, 
            1260.0
        ], 
        [
            1354.97061742984, 
            529.7275789456984, 
            1260.0
        ], 
        [
            1376.3284266982005, 
            536.013491568287, 
            1260.0
        ], 
        [
            1391.6368539336786, 
            549.6922899061493, 
            1260.0000000000002
        ], 
        [
            1393.983182117402, 
            571.1031103181458, 
            1260.0
        ], 
        [
            1401.0590693595163, 
            582.8306929468437, 
            1260.0
        ], 
        [
            1084.9527355257806, 
            517.8845365434753, 
            1260.0
        ], 
        [
            1068.1185662069681, 
            519.7158986316819, 
            1260.0
        ], 
        [
            1052.4178569492929, 
            521.502387902775, 
            1260.0
        ], 
        [
            724.8295563403393, 
            549.4899000473245, 
            1260.0
        ], 
        [
            749.250170997082, 
            545.0372606006791, 
            1260.0
        ], 
        [
            773.6737673140001, 
            540.5840775043181, 
            1260.0000000000002
        ], 
        [
            795.8282238022268, 
            535.0530104534959, 
            1260.0
        ], 
        [
            815.8315556628487, 
            531.9383885347477, 
            1260.0000000000002
        ], 
        [
            840.2603495773786, 
            527.4841992059154, 
            1260.0
        ], 
        [
            856.969664113168, 
            525.6630983375743, 
            1260.0
        ], 
        [
            903.7229375680465, 
            519.1644624376455, 
            1260.0
        ], 
        [
            882.6316337130888, 
            523.4898904316424, 
            1260.0
        ], 
        [
            1222.7525605674268, 
            510.13024295285794, 
            1259.9999999999998
        ], 
        [
            1243.3875909622632, 
            511.66889088587607, 
            1260.0
        ], 
        [
            1275.6442493129912, 
            515.1089440653649, 
            1260.0
        ], 
        [
            1191.9540176169555, 
            508.9946231049965, 
            1259.9999999999998
        ], 
        [
            1165.8296810812303, 
            508.8504591613903, 
            1260.0
        ], 
        [
            1136.4429734290406, 
            510.00683764649847, 
            1259.9999999999998
        ], 
        [
            386.77137985004583, 
            666.0082621462924, 
            1259.9999999999998
        ], 
        [
            382.0535153462834, 
            681.6805167585932, 
            1260.0000000000002
        ], 
        [
            376.2014910789543, 
            697.4506051329198, 
            1260.0000000000002
        ], 
        [
            373.662753296719, 
            714.3623848199701, 
            1260.0
        ], 
        [
            371.1581961730797, 
            728.9243810543377, 
            1260.0
        ], 
        [
            369.72273697818304, 
            745.9249425208732, 
            1260.0
        ], 
        [
            365.0214143247179, 
            757.0226871341321, 
            1259.9999999999998
        ], 
        [
            360.2603443534419, 
            770.5897110287642, 
            1260.0
        ], 
        [
            349.9230017058416, 
            780.7193337206743, 
            1260.0
        ], 
        [
            338.4100451475618, 
            792.1342936739154, 
            1260.0000000000002
        ], 
        [
            274.3092693300306, 
            716.7137527000024, 
            1259.9999999999998
        ], 
        [
            269.25626587307784, 
            736.1563809097788, 
            1260.0
        ], 
        [
            272.20053878205306, 
            749.3489764966664, 
            1259.9999999999998
        ], 
        [
            276.2026768882033, 
            764.9806483360323, 
            1260.0
        ], 
        [
            283.55619226203316, 
            781.781742607719, 
            1259.9999999999998
        ], 
        [
            294.28864967298796, 
            799.7712542543369, 
            1260.0
        ], 
        [
            308.68715000425357, 
            809.1092832169496, 
            1260.0000000000002
        ], 
        [
            327.9714670854776, 
            804.7666203374266, 
            1260.0
        ], 
        [
            407.59945519792785, 
            609.67366116155, 
            1260.0
        ], 
        [
            393.1848856467651, 
            612.5681094347794, 
            1260.0000000000002
        ], 
        [
            381.0021980595677, 
            614.2034789318326, 
            1260.0
        ], 
        [
            362.0524137299365, 
            623.1471718208732, 
            1259.9999999999998
        ], 
        [
            347.52856315164894, 
            630.7571306752659, 
            1260.0000000000002
        ], 
        [
            331.8257639028171, 
            640.7799844935145, 
            1260.0
        ], 
        [
            318.3107590828676, 
            650.7378315760235, 
            1260.0
        ], 
        [
            306.8616184701581, 
            665.3818223991539, 
            1260.0
        ], 
        [
            298.74106427476397, 
            678.7572323612333, 
            1260.0
        ], 
        [
            289.41663050201885, 
            694.6040931255479, 
            1260.0
        ], 
        [
            603.8821384258922, 
            571.7021579428257, 
            1260.0
        ], 
        [
            488.5809282349011, 
            584.3215362988251, 
            1260.0
        ], 
        [
            466.42988874251927, 
            588.6796006728421, 
            1260.0
        ], 
        [
            445.3743309385599, 
            594.1664649495846, 
            1260.0
        ], 
        [
            547.3544747604894, 
            593.7947534128755, 
            1260.0
        ], 
        [
            534.0280120892706, 
            596.6514608296046, 
            1260.0
        ], 
        [
            522.9226425354586, 
            600.5992255999015, 
            1260.0
        ], 
        [
            510.7002430201918, 
            605.7673139134351, 
            1260.0
        ], 
        [
            485.1562431527138, 
            607.9113423462044, 
            1260.0
        ], 
        [
            472.9356782722212, 
            610.7269169737345, 
            1260.0
        ], 
        [
            454.0481780595855, 
            614.9716679548208, 
            1260.0
        ], 
        [
            436.1931063331328, 
            626.251915102896, 
            1260.0
        ], 
        [
            427.24584450420133, 
            632.4911512126405, 
            1260.0
        ], 
        [
            412.62367520915296, 
            647.2377603102557, 
            1260.0000000000002
        ], 
        [
            505.2009239355392, 
            577.8386711707265, 
            1260.0
        ], 
        [
            865.4980930112615, 
            567.5114274450918, 
            1260.0
        ], 
        [
            849.6735154137951, 
            565.7645847624766, 
            1260.0
        ], 
        [
            828.4423096360078, 
            568.934177156062, 
            1260.0000000000002
        ], 
        [
            814.8945967593305, 
            567.1015856522263, 
            1260.0
        ], 
        [
            791.3228416122824, 
            566.8324576973081, 
            1260.0000000000002
        ], 
        [
            767.9626945394515, 
            572.4320466269747, 
            1259.9999999999998
        ], 
        [
            745.5177426405365, 
            570.9431677818941, 
            1260.0
        ], 
        [
            728.7827094834461, 
            572.7605884314186, 
            1260.0
        ], 
        [
            714.2881094221087, 
            574.4915820773734, 
            1260.0000000000002
        ], 
        [
            693.0744421167944, 
            575.3055669409355, 
            1260.0000000000002
        ], 
        [
            673.0390649164804, 
            578.4223424143967, 
            1260.0
        ], 
        [
            650.7787787542319, 
            581.623725809339, 
            1260.0
        ], 
        [
            639.7213496969505, 
            587.9224199745033, 
            1260.0000000000002
        ], 
        [
            620.8168733861015, 
            592.1717650115046, 
            1260.0
        ], 
        [
            605.2286883462855, 
            593.9417267857076, 
            1259.9999999999998
        ], 
        [
            591.8731673083057, 
            595.6263658172869, 
            1260.0
        ], 
        [
            577.3911535250704, 
            595.0011593609922, 
            1259.9999999999998
        ], 
        [
            567.3705651728679, 
            594.2070980234383, 
            1260.0
        ], 
        [
            528.4470786241379, 
            568.7711787171096, 
            1260.0
        ], 
        [
            543.9258559786921, 
            561.1785841591881, 
            1259.9999999999998
        ], 
        [
            561.653636740484, 
            563.9881546691577, 
            1260.0
        ], 
        [
            590.5029177238737, 
            566.3736666505721, 
            1260.0
        ], 
        [
            427.6160314831103, 
            600.701256164358, 
            1260.0
        ], 
        [
            1199.0094529337098, 
            511.0211785132543, 
            1403.0
        ], 
        [
            1276.1086342909998, 
            655.978523018085, 
            1403.0
        ], 
        [
            1135.682024162135, 
            475.95012553440085, 
            1403.0
        ], 
        [
            1159.6634516473275, 
            485.9149764306903, 
            1403.0
        ], 
        [
            1183.6641720428029, 
            497.58977735854364, 
            1403.0
        ], 
        [
            1221.2508959967377, 
            527.8162417859527, 
            1403.0
        ], 
        [
            1234.7961182225022, 
            546.3541123755344, 
            1403.0
        ], 
        [
            1251.8294766176143, 
            564.8941635001632, 
            1403.0
        ], 
        [
            1261.8391825801327, 
            586.8352201874353, 
            1403.0
        ], 
        [
            1270.105828720962, 
            608.7747510251803, 
            1403.0
        ], 
        [
            1276.6969733271858, 
            627.3344503142662, 
            1403.0
        ], 
        [
            1164.3904312013376, 
            610.4223126995804, 
            1403.0
        ], 
        [
            1181.3007685021205, 
            628.8900321421011, 
            1403.0
        ], 
        [
            1193.1068626254169, 
            644.007558039456, 
            1403.0
        ], 
        [
            1208.2812797365548, 
            664.1740605737202, 
            1403.0
        ], 
        [
            1223.5932542205069, 
            677.6458130373396, 
            1403.0
        ], 
        [
            1239.084037275103, 
            682.742526963657, 
            1403.0
        ], 
        [
            1254.6637317484847, 
            684.4882761624881, 
            1403.0
        ], 
        [
            1268.7345815114977, 
            676.1444603812977, 
            1403.0
        ], 
        [
            679.8784689716937, 
            539.8586424374712, 
            1403.0
        ], 
        [
            707.7661177044315, 
            536.4754597134496, 
            1403.0
        ], 
        [
            739.0094084558473, 
            538.0051974868967, 
            1403.0
        ], 
        [
            765.4336046901808, 
            534.6140149009263, 
            1403.0
        ], 
        [
            796.926522667105, 
            529.5412868842138, 
            1403.0
        ], 
        [
            825.1383126240697, 
            532.7340446439964, 
            1403.0
        ], 
        [
            846.7608085927785, 
            535.9608725655364, 
            1403.0
        ], 
        [
            875.1509026375277, 
            535.8557665544673, 
            1403.0
        ], 
        [
            898.7015132293845, 
            525.8061488337322, 
            1403.0
        ], 
        [
            925.6343618136559, 
            520.7012749906831, 
            1403.0
        ], 
        [
            947.5723895655062, 
            517.2704275020649, 
            1403.0
        ], 
        [
            972.8871228516457, 
            518.8196369656316, 
            1403.0
        ], 
        [
            999.9437745474172, 
            522.0358206684098, 
            1403.0
        ], 
        [
            1025.3516699022416, 
            526.9405274591502, 
            1403.0
        ], 
        [
            1040.598427061567, 
            531.8972440655216, 
            1403.0
        ], 
        [
            1055.8664990733243, 
            536.8608901248725, 
            1403.0
        ], 
        [
            1077.9411079243087, 
            545.1598700105645, 
            1403.0
        ], 
        [
            1103.4328817921414, 
            556.8196719260384, 
            1403.0
        ], 
        [
            1120.4488167056375, 
            565.166045794791, 
            1403.0
        ], 
        [
            1140.842883207501, 
            578.5539840928798, 
            1403.0
        ], 
        [
            1154.2918825123022, 
            597.0006245118715, 
            1403.0
        ], 
        [
            938.0699400748886, 
            463.95725684873844, 
            1403.0
        ], 
        [
            966.6964158342196, 
            472.09925427223584, 
            1403.0
        ], 
        [
            998.9044802898222, 
            471.8687238569585, 
            1403.0
        ], 
        [
            1029.5218311063416, 
            471.64957903350256, 
            1403.0
        ], 
        [
            1055.114294109419, 
            471.4664000309868, 
            1403.0
        ], 
        [
            1080.8036552957867, 
            469.6004369872666, 
            1403.0
        ], 
        [
            1104.7952909469411, 
            471.11080645455905, 
            1403.0
        ], 
        [
            388.4875879023049, 
            574.7348153057977, 
            1403.0
        ], 
        [
            360.08131975496036, 
            586.0325318658006, 
            1403.0
        ], 
        [
            338.0517269075519, 
            592.4727485863245, 
            1403.0
        ], 
        [
            320.84035999697227, 
            608.5046174038563, 
            1403.0
        ], 
        [
            303.65139996820744, 
            619.6954750544015, 
            1403.0
        ], 
        [
            288.0873303764365, 
            634.0531625327839, 
            1403.0
        ], 
        [
            271.03323221273627, 
            653.1504878541793, 
            1403.0
        ], 
        [
            252.44240256316652, 
            667.4152635624699, 
            1403.0
        ], 
        [
            238.58238513623814, 
            684.8348960553634, 
            1403.0
        ], 
        [
            216.9926941094189, 
            698.9989888499972, 
            1403.0
        ], 
        [
            206.28076734752742, 
            713.1849210129965, 
            1403.0
        ], 
        [
            198.70159476709821, 
            730.524625265949, 
            1403.0
        ], 
        [
            194.29708882300213, 
            757.3245806168006, 
            1403.0
        ], 
        [
            202.22298095438913, 
            784.1986963240918, 
            1403.0
        ], 
        [
            202.42724526536523, 
            809.3934300513004, 
            1403.0
        ], 
        [
            202.5547707452369, 
            825.1229057238609, 
            1403.0
        ], 
        [
            201.15611547381621, 
            842.3891381354339, 
            1403.0
        ], 
        [
            195.18620770824356, 
            864.2746975902267, 
            1403.0
        ], 
        [
            215.25940652175197, 
            873.9894298261033, 
            1403.0
        ], 
        [
            236.6962734113211, 
            853.8844885391388, 
            1403.0
        ], 
        [
            260.6155715941343, 
            727.8007939986369, 
            1403.0
        ], 
        [
            257.6655361485289, 
            751.5465594879079, 
            1403.0
        ], 
        [
            253.158838303771, 
            773.6576099619472, 
            1403.0
        ], 
        [
            247.11099487999581, 
            795.7139732099718, 
            1403.0
        ], 
        [
            245.70498198817768, 
            816.2083545744089, 
            1403.0
        ], 
        [
            239.6624851050856, 
            836.6153140611357, 
            1403.0
        ], 
        [
            434.58560490693105, 
            611.7601408004822, 
            1403.0
        ], 
        [
            404.4492928554671, 
            618.1798606572181, 
            1403.0
        ], 
        [
            377.59346962190295, 
            627.7895532336383, 
            1403.0
        ], 
        [
            360.26123240419275, 
            632.5752103704682, 
            1403.0
        ], 
        [
            338.2871182041267, 
            645.3422635166474, 
            1403.0
        ], 
        [
            319.5006414306165, 
            654.8842476382579, 
            1403.0
        ], 
        [
            305.49849903185003, 
            672.3918605309815, 
            1403.0
        ], 
        [
            293.0387311920582, 
            680.3087084074688, 
            1403.0
        ], 
        [
            282.1895463753789, 
            692.9912405660677, 
            1403.0
        ], 
        [
            268.2682042132858, 
            708.8079823296706, 
            1403.0
        ], 
        [
            691.5549469883936, 
            497.1065644254501, 
            1403.0
        ], 
        [
            665.3255856088779, 
            500.5449702009171, 
            1403.0
        ], 
        [
            648.9684553621669, 
            503.9187773860687, 
            1403.0
        ], 
        [
            617.9684212010193, 
            513.9112210135033, 
            1403.0
        ], 
        [
            593.591647022132, 
            517.3006879974447, 
            1403.0
        ], 
        [
            557.9633545411805, 
            523.9932207123497, 
            1403.0
        ], 
        [
            525.7074757991581, 
            529.0171528234396, 
            1403.0
        ], 
        [
            499.9932024094383, 
            540.4919575913968, 
            1403.0
        ], 
        [
            482.3646023101986, 
            545.4190909158334, 
            1403.0
        ], 
        [
            459.9950928617238, 
            560.0611485905298, 
            1403.0
        ], 
        [
            431.3177697288224, 
            566.5921501427406, 
            1403.0
        ], 
        [
            410.6742596999312, 
            573.0864157617652, 
            1403.0
        ], 
        [
            519.25182341352, 
            582.6332421601985, 
            1403.0
        ], 
        [
            490.39043052994805, 
            587.5231727612806, 
            1403.0
        ], 
        [
            471.20967550762066, 
            595.6227279837094, 
            1403.0
        ], 
        [
            453.66493379610324, 
            598.8592631114901, 
            1403.0
        ], 
        [
            640.6431668207214, 
            549.8118300668142, 
            1403.0
        ], 
        [
            660.2369540457314, 
            544.841290019234, 
            1403.0
        ], 
        [
            582.1597343059096, 
            558.1346984512104, 
            1403.0
        ], 
        [
            612.9818337002982, 
            551.5269951194035, 
            1403.0
        ], 
        [
            564.3615539208927, 
            566.3168261388522, 
            1403.0
        ], 
        [
            541.7734524303161, 
            574.487055863306, 
            1403.0
        ], 
        [
            820.6056597851217, 
            478.1192168590977, 
            1403.0
        ], 
        [
            792.2917650066506, 
            484.9342391887573, 
            1403.0
        ], 
        [
            772.3739575091017, 
            488.3696730558089, 
            1403.0
        ], 
        [
            747.5163095320421, 
            496.7773324767311, 
            1403.0
        ], 
        [
            719.4736729398503, 
            500.2362568534416, 
            1403.0
        ], 
        [
            901.0247824208766, 
            464.2392827783521, 
            1403.0
        ], 
        [
            870.8102100705178, 
            466.13284607286926, 
            1403.0
        ], 
        [
            850.6885126561967, 
            471.2684542313782, 
            1403.0
        ]
