        [
            1020.8720773487446, 
            507.1485460294236, 
            169.0
        ], 
        [
            977.6918527990789, 
            459.88549908132535, 
            169.0
        ], 
        [
            933.2836615358052, 
            438.3851666961294, 
            169.0
        ], 
        [
            864.8481292703079, 
            415.8060096705393, 
            169.0
        ], 
        [
            822.7115269505084, 
            410.9083444554677, 
            169.0
        ], 
        [
            759.9918639133053, 
            432.2327690593249, 
            169.00000000000045
        ], 
        [
            714.4480000784896, 
            448.5080380007657, 
            169.0
        ], 
        [
            851.8447574899301, 
            501.9744404517112, 
            169.0
        ], 
        [
            896.4827753024846, 
            510.08148513403785, 
            169.0
        ], 
        [
            928.321941994681, 
            509.59523793289566, 
            169.0
        ], 
        [
            976.0574258967702, 
            515.8496573845044, 
            169.0
        ], 
        [
            805.4295216199022, 
            502.66077432265774, 
            169.0
        ], 
        [
            758.5937243127388, 
            496.2867774805969, 
            169.0
        ], 
        [
            719.202633281252, 
            507.4769310734579, 
            169.0
        ], 
        [
            685.1689664949317, 
            522.1791903940488, 
            169.0
        ], 
        [
            638.2489235647574, 
            537.1496694662651, 
            169.0
        ], 
        [
            608.6730766699833, 
            523.3845508090371, 
            169.0
        ], 
        [
            620.7499583110985, 
            494.711747701971, 
            168.99999999999955
        ], 
        [
            654.8434434899812, 
            472.91136395967976, 
            169.0
        ], 
        [
            685.4025202104008, 
            460.1016183468406, 
            169.00000000000045
        ], 
        [
            895.9432287137676, 
            422.4563192527574, 
            169.0
        ], 
        [
            1010.0885277744427, 
            476.9875202104331, 
            169.0
        ], 
        [
            788.86189458518, 
            416.52405198417176, 
            169.0
        ], 
        [
            1123.303428111222, 
            281.4799699433745, 
            299.0
        ], 
        [
            1133.875267482843, 
            306.57827502029454, 
            299.0
        ], 
        [
            1146.2038507047664, 
            336.63102872425515, 
            299.0
        ], 
        [
            1134.3989307089817, 
            394.8513894978245, 
            299.0
        ], 
        [
            1118.1932535579156, 
            409.833955755706, 
            299.0
        ], 
        [
            1070.2451261257568, 
            423.223060740879, 
            299.0
        ], 
        [
            1045.2307097950977, 
            426.60473924325385, 
            299.0
        ], 
        [
            994.4598242052895, 
            414.9286259436106, 
            299.0
        ], 
        [
            964.230545630863, 
            423.3688226997743, 
            299.0
        ], 
        [
            916.882509555198, 
            433.5648123526293, 
            299.0
        ], 
        [
            884.3000694610811, 
            430.2480171986705, 
            299.0
        ], 
        [
            849.7059227288697, 
            421.82980892815084, 
            299.0
        ], 
        [
            842.0109855592101, 
            392.9764572286084, 
            299.0
        ], 
        [
            827.5366728216994, 
            369.1619194074355, 
            299.0
        ], 
        [
            833.5924900629224, 
            338.56904020354364, 
            299.0
        ], 
        [
            859.0800835025947, 
            325.0977960764737, 
            299.0
        ], 
        [
            891.4365509472061, 
            315.10397293044997, 
            299.0
        ], 
        [
            921.9941917243492, 
            306.83294393494, 
            299.0
        ], 
        [
            957.4361398651843, 
            295.2563682774629, 
            299.0
        ], 
        [
            989.3305834907239, 
            283.7057836202968, 
            299.0
        ], 
        [
            1026.185361638891, 
            273.9304323435713, 
            299.0
        ], 
        [
            1069.7238992674665, 
            270.9715736304853, 
            299.0
        ], 
        [
            1104.5165692206522, 
            261.2640544159201, 
            299.0
        ], 
        [
            942.3397457017022, 
            430.1411958147753, 
            299.0
        ], 
        [
            1016.4607844904986, 
            418.26566236759055, 
            299.0
        ], 
        [
            1095.1741384100671, 
            419.85292794185654, 
            299.0
        ], 
        [
            1150.2866900033089, 
            368.2578268271984, 
            299.0
        ], 
        [
            1265.891084713899, 
            222.88446126009558, 
            455.0
        ], 
        [
            1262.0502936206267, 
            244.17705533881497, 
            455.0
        ], 
        [
            1273.8278603156036, 
            259.6186162385231, 
            455.0
        ], 
        [
            1293.4383831777386, 
            275.04532984448196, 
            455.0
        ], 
        [
            1283.7563452251763, 
            304.14028116193845, 
            455.0
        ], 
        [
            1250.5119849016949, 
            306.17346960785596, 
            455.0
        ], 
        [
            1221.2155976564504, 
            314.00540646111705, 
            455.0
        ], 
        [
            1188.0164132285752, 
            316.0335293118083, 
            455.0
        ], 
        [
            1160.7027388058473, 
            321.9164657369021, 
            455.0
        ], 
        [
            1129.4834818651, 
            314.2584698036145, 
            455.0
        ], 
        [
            1102.183539536858, 
            300.7948818172055, 
            455.0
        ], 
        [
            1074.915611610578, 
            293.14275343680436, 
            455.0
        ], 
        [
            1051.5631303688854, 
            289.34898639558094, 
            455.0
        ], 
        [
            1022.3943593614342, 
            283.64479734679475, 
            455.0
        ], 
        [
            1035.9980469023699, 
            268.15399954766247, 
            455.0
        ], 
        [
            1055.439296958475, 
            262.2964553141857, 
            455.0
        ], 
        [
            1074.8854636290405, 
            254.50603110302643, 
            455.00000000000045
        ], 
        [
            1092.3870631160792, 
            242.85870851728765, 
            455.0
        ], 
        [
            1113.7844340108422, 
            231.19509130199867, 
            455.0
        ], 
        [
            1139.0881254195754, 
            223.37513616105667, 
            455.0
        ], 
        [
            1156.6045709623397, 
            213.65185752766575, 
            455.0
        ], 
        [
            1178.0384959407997, 
            211.635063013899, 
            455.0
        ], 
        [
            1207.2894515514477, 
            211.51773112090365, 
            455.0
        ], 
        [
            1232.641164611939, 
            205.61876326094557, 
            455.0
        ], 
        [
            1252.1524491916978, 
            201.67381462138718, 
            455.0
        ], 
        [
            1295.4568199809382, 
            292.47695318788027, 
            455.0
        ], 
        [
            1375.5349342659642, 
            323.0930334467923, 
            598.0
        ], 
        [
            1373.24586391521, 
            339.97736853244425, 
            598.0
        ], 
        [
            1348.3837709039167, 
            345.7579231489886, 
            598.0
        ], 
        [
            1325.621075843169, 
            350.0907448613597, 
            598.0
        ], 
        [
            1310.5785881360619, 
            360.31648086052473, 
            598.0
        ], 
        [
            1283.3395433756723, 
            376.7326701122114, 
            598.0
        ], 
        [
            1268.2937253731889, 
            388.35957458934587, 
            598.0000000000002
        ], 
        [
            1246.1635741109944, 
            379.5922949183792, 
            598.0
        ], 
        [
            1221.800139981887, 
            371.0375874827867, 
            597.9999999999998
        ], 
        [
            1198.7325198285607, 
            374.11196685751304, 
            598.0
        ], 
        [
            1180.4194149768873, 
            366.4231244953102, 
            598.0
        ], 
        [
            1171.569103760312, 
            347.72045440857124, 
            598.0
        ], 
        [
            1165.21014920252, 
            330.25257530844226, 
            598.0
        ], 
        [
            1166.4238280278912, 
            307.2637421667707, 
            598.0
        ], 
        [
            1185.6143094871913, 
            291.9099708182254, 
            598.0
        ], 
        [
            1204.3505458152085, 
            284.1933933539102, 
            597.9999999999998
        ], 
        [
            1223.1722644865283, 
            277.74019440969516, 
            598.0
        ], 
        [
            1245.2189350611202, 
            269.8025797859333, 
            598.0
        ], 
        [
            1263.2536682245463, 
            267.17794502743004, 
            598.0
        ], 
        [
            1282.9367490035256, 
            259.4420753588046, 
            598.0
        ], 
        [
            1302.5987875362653, 
            243.04639714777676, 
            598.0
        ], 
        [
            1314.7263306321734, 
            231.01061631872187, 
            598.0
        ], 
        [
            1329.0877058265062, 
            244.74443277403577, 
            598.0
        ], 
        [
            1326.6906606600514, 
            269.84020987399066, 
            598.0
        ], 
        [
            1341.2401228698318, 
            292.63241144784894, 
            598.0
        ], 
        [
            1359.929030283955, 
            302.60616464699916, 
            598.0
        ], 
        [
            1380.4574010387746, 
            308.6655189839737, 
            598.0
        ], 
        [
            739.029094226044, 
            300.9065223411616, 
            598.0
        ], 
        [
            721.983198859095, 
            312.2218367201239, 
            598.0
        ], 
        [
            697.9692119019976, 
            319.077912757804, 
            598.0
        ], 
        [
            673.9091466838667, 
            320.9142280321468, 
            598.0
        ], 
        [
            656.7055400995398, 
            324.74369514122867, 
            598.0
        ], 
        [
            637.1383285499062, 
            333.80308111799434, 
            598.0
        ], 
        [
            619.8405442180551, 
            340.1815369198794, 
            598.0
        ], 
        [
            591.1061945673268, 
            341.111648064052, 
            598.0
        ], 
        [
            605.1489020184358, 
            324.90451675956626, 
            598.0
        ], 
        [
            629.2637294136373, 
            319.2956652447996, 
            598.0
        ], 
        [
            651.0383384382103, 
            315.12558839039815, 
            598.0
        ], 
        [
            676.2195244362024, 
            308.19556413976323, 
            598.0
        ], 
        [
            689.9286310241353, 
            303.40032243280416, 
            598.0
        ], 
        [
            710.452369988182, 
            296.8454480855115, 
            598.0
        ], 
        [
            728.6858739369734, 
            294.2102100585978, 
            597.9999999999998
        ], 
        [
            1348.9946282583253, 
            285.7438422852208, 
            741.0
        ], 
        [
            1333.8290371277076, 
            308.4787053078467, 
            741.0000000000002
        ], 
        [
            1320.9381423493523, 
            325.17693534578797, 
            741.0
        ], 
        [
            1293.0438414237988, 
            335.82973186353337, 
            741.0
        ], 
        [
            1263.959539744683, 
            346.60873010345966, 
            741.0
        ], 
        [
            1237.9958510332815, 
            357.1814046904351, 
            741.0000000000002
        ], 
        [
            1208.2868885820128, 
            364.38750501495775, 
            741.0
        ], 
        [
            1175.0099752145866, 
            369.41878061587676, 
            741.0
        ], 
        [
            1145.901215563062, 
            372.89955376832285, 
            741.0
        ], 
        [
            1125.4341226106228, 
            375.713493603558, 
            741.0
        ], 
        [
            1105.8254393137627, 
            375.99681684105144, 
            741.0
        ], 
        [
            1083.4657329742981, 
            382.6586666319615, 
            741.0
        ], 
        [
            1090.938517002483, 
            359.6788762515074, 
            741.0
        ], 
        [
            975.3885322735582, 
            281.64522031869984, 
            741.0
        ], 
        [
            1076.4524876376145, 
            336.17159799630775, 
            741.0
        ], 
        [
            1069.6101994156331, 
            309.52779335103855, 
            741.0
        ], 
        [
            1081.204597840922, 
            290.6707703068518, 
            741.0
        ], 
        [
            1090.5186347652136, 
            271.8820333237889, 
            741.0
        ], 
        [
            762.8677999897105, 
            382.03165467128093, 
            741.0
        ], 
        [
            800.4123326043876, 
            435.67351344953215, 
            741.0
        ], 
        [
            698.3254620425212, 
            485.34568798447, 
            741.0
        ], 
        [
            703.8921846869663, 
            454.4706654961379, 
            741.0
        ], 
        [
            720.3624297643971, 
            441.878518306, 
            741.0
        ], 
        [
            749.968428365672, 
            438.33007152124105, 
            741.0
        ], 
        [
            776.2782872447352, 
            436.2908929780455, 
            741.0
        ], 
        [
            702.7234241644728, 
            509.38353198816804, 
            741.0000000000002
        ], 
        [
            723.9788427757056, 
            544.1097685220333, 
            741.0
        ], 
        [
            749.9022480120298, 
            559.1617267781064, 
            741.0
        ], 
        [
            698.0943863918585, 
            591.0715500924887, 
            741.0
        ], 
        [
            631.4388850829603, 
            586.9762185585606, 
            741.0
        ], 
        [
            610.0902055111192, 
            582.0104104535749, 
            741.0
        ], 
        [
            581.7651170881114, 
            544.7649341085769, 
            741.0
        ], 
        [
            577.0919235783213, 
            511.44242616824164, 
            741.0
        ], 
        [
            814.7498599280818, 
            206.75134960668203, 
            741.0
        ], 
        [
            782.7213149605369, 
            210.3795554629595, 
            740.9999999999998
        ], 
        [
            728.2248864395449, 
            230.4325724328737, 
            740.9999999999998
        ], 
        [
            696.7628332098723, 
            239.7069787734045, 
            741.0
        ], 
        [
            669.4496941345291, 
            242.93731489395202, 
            741.0
        ], 
        [
            644.1002221586687, 
            254.08050206484057, 
            741.0
        ], 
        [
            620.5014868671735, 
            277.9113861050644, 
            741.0
        ], 
        [
            592.737371771776, 
            289.37535347796745, 
            741.0000000000002
        ], 
        [
            558.2730680520297, 
            307.277795520317, 
            740.9999999999998
        ], 
        [
            583.7340972719069, 
            348.13671993685006, 
            741.0000000000002
        ], 
        [
            555.3469487376688, 
            363.561704023604, 
            741.0
        ], 
        [
            535.3480772842081, 
            380.8519953462263, 
            741.0
        ], 
        [
            552.1676849941445, 
            394.19022468958326, 
            741.0
        ], 
        [
            565.9751487035987, 
            402.9317633298656, 
            741.0
        ], 
        [
            558.8578359040472, 
            421.98099784502017, 
            741.0
        ], 
        [
            563.7797600162346, 
            438.9993540922008, 
            741.0
        ], 
        [
            551.0547706703344, 
            460.0295338825611, 
            741.0
        ], 
        [
            571.3416176370778, 
            479.9396172226451, 
            741.0
        ], 
        [
            594.6838977980447, 
            566.0382262555217, 
            741.0
        ], 
        [
            650.5766710886153, 
            592.1318509888561, 
            741.0
        ], 
        [
            676.5873823442587, 
            592.7587730435584, 
            741.0
        ], 
        [
            721.880145976852, 
            597.2219200591471, 
            741.0
        ], 
        [
            744.5235655348073, 
            592.7697194463017, 
            741.0
        ], 
        [
            760.2477053555572, 
            579.537096380312, 
            741.0
        ], 
        [
            1278.922754350866, 
            249.7449695907324, 
            741.0
        ], 
        [
            1257.1910394774593, 
            254.92715909802376, 
            741.0
        ], 
        [
            1236.476664200083, 
            260.0378340411084, 
            741.0
        ], 
        [
            1217.578793525882, 
            262.6617058206214, 
            740.9999999999998
        ], 
        [
            1194.5592763603247, 
            266.7797666923905, 
            741.0000000000002
        ], 
        [
            1171.7329900354757, 
            262.646887245116, 
            741.0
        ], 
        [
            1149.675222341215, 
            254.9551955502169, 
            741.0
        ], 
        [
            1138.5195995968163, 
            238.32174386779207, 
            741.0
        ], 
        [
            1120.4303432811796, 
            237.3824802376858, 
            741.0
        ], 
        [
            1106.1847066961313, 
            255.94388792580963, 
            741.0
        ], 
        [
            1295.0456169629308, 
            234.49504349341458, 
            741.0
        ], 
        [
            1319.293046356182, 
            217.55681918088897, 
            741.0
        ], 
        [
            1340.4838503816645, 
            240.3513745736987, 
            741.0000000000002
        ], 
        [
            1357.9595698967976, 
            266.6566090676786, 
            741.0
        ], 
        [
            841.7566796074086, 
            201.29514767425462, 
            741.0
        ], 
        [
            855.9658490936222, 
            188.91331730219179, 
            741.0
        ], 
        [
            867.7087564565894, 
            167.82354604134622, 
            741.0
        ], 
        [
            886.4072039258624, 
            168.64022778914136, 
            741.0
        ], 
        [
            905.7638226197686, 
            184.00332185602923, 
            740.9999999999998
        ], 
        [
            917.812560582861, 
            196.64423249961163, 
            741.0
        ], 
        [
            919.7607723138069, 
            215.8421092713375, 
            741.0
        ], 
        [
            939.7963827673567, 
            217.74682350000126, 
            740.9999999999998
        ], 
        [
            959.4486961847867, 
            231.17568707431622, 
            741.0
        ], 
        [
            977.8992131582536, 
            240.15862723049082, 
            741.0
        ], 
        [
            995.0568779294109, 
            260.9397242270307, 
            740.9999999999998
        ], 
        [
            712.8012186091656, 
            528.0549222274306, 
            741.0
        ], 
        [
            572.4744256282999, 
            327.68280094445277, 
            741.0
        ], 
        [
            756.3268610186522, 
            215.66014627741134, 
            741.0
        ], 
        [
            953.5992328352909, 
            295.3230364667111, 
            741.0
        ], 
        [
            949.4529006998343, 
            315.3121749167245, 
            741.0
        ], 
        [
            920.9878995548023, 
            327.73258311744513, 
            741.0
        ], 
        [
            896.9732700132156, 
            342.6398125401612, 
            741.0
        ], 
        [
            866.5213545367462, 
            358.5951283828671, 
            741.0
        ], 
        [
            836.0549871028643, 
            374.55801634563454, 
            741.0000000000002
        ], 
        [
            793.4319984781886, 
            375.73649802213777, 
            741.0
        ], 
        [
            747.2481243305218, 
            393.5573053234237, 
            740.9999999999998
        ], 
        [
            762.5619262582095, 
            418.23614143564276, 
            741.0
        ], 
        [
            1361.3640892526316, 
            251.03183511531716, 
            741.0
        ], 
        [
            1380.6515346991544, 
            255.1564074965286, 
            897.0
        ], 
        [
            1357.926101679383, 
            275.5888077596598, 
            897.0
        ], 
        [
            1347.8758016623506, 
            300.38503357999014, 
            897.0
        ], 
        [
            1328.7346388672977, 
            330.06155867009227, 
            897.0
        ], 
        [
            1312.834986012161, 
            359.18178647331774, 
            897.0
        ], 
        [
            1292.4044406956336, 
            382.47838642164857, 
            897.0
        ], 
        [
            1264.558971472598, 
            402.0731122990522, 
            897.0
        ], 
        [
            1236.779799584428, 
            413.3894225663978, 
            897.0
        ], 
        [
            1200.4200703686993, 
            414.62410882460864, 
            897.0
        ], 
        [
            1162.5848067225156, 
            416.12705536478865, 
            897.0
        ], 
        [
            1124.630595805188, 
            407.83695311336965, 
            897.0
        ], 
        [
            1087.8156258977833, 
            396.14671374003376, 
            897.0
        ], 
        [
            1063.7655854218842, 
            390.4860514886167, 
            897.0
        ], 
        [
            1031.8752300907586, 
            386.2042241152706, 
            897.0
        ], 
        [
            948.5063197875407, 
            366.56640517499136, 
            897.0
        ], 
        [
            906.3742756852524, 
            365.82255566063196, 
            897.0
        ], 
        [
            867.8178039607535, 
            366.0990347395982, 
            897.0
        ], 
        [
            822.6418302223708, 
            364.34424288894445, 
            897.0
        ], 
        [
            779.3575506581342, 
            371.92024568778834, 
            897.0
        ], 
        [
            822.4804189287403, 
            628.4602391894965, 
            897.0
        ], 
        [
            815.9249836408964, 
            609.9425148361377, 
            897.0
        ], 
        [
            803.1506069211295, 
            592.4870570082777, 
            897.0
        ], 
        [
            764.8542906292007, 
            584.1846184354516, 
            897.0
        ], 
        [
            714.2458288174215, 
            568.2830120233353, 
            897.0
        ], 
        [
            685.7283597237607, 
            550.4332553278224, 
            897.0
        ], 
        [
            664.4458303022152, 
            528.2331369139442, 
            897.0
        ], 
        [
            648.2721657993767, 
            498.83445008218393, 
            897.0
        ], 
        [
            648.5147691372091, 
            473.1354746944604, 
            897.0
        ], 
        [
            657.6547486012656, 
            444.34163820305673, 
            897.0
        ], 
        [
            670.6621441799755, 
            419.69597846173303, 
            897.0
        ], 
        [
            696.7373266556074, 
            397.56874385954455, 
            897.0
        ], 
        [
            738.3312610236044, 
            382.3025790924562, 
            897.0
        ], 
        [
            788.3088030334679, 
            625.8868314472174, 
            897.0
        ], 
        [
            752.9874684546553, 
            625.1582098761096, 
            897.0
        ], 
        [
            721.7199932536417, 
            628.6606643705, 
            897.0
        ], 
        [
            691.3711515421352, 
            636.8853617231573, 
            897.0
        ], 
        [
            647.7997569690133, 
            650.5081674959828, 
            897.0
        ], 
        [
            625.4812561562702, 
            649.3039622722143, 
            897.0
        ], 
        [
            594.6718142879774, 
            634.9693980750812, 
            897.0
        ], 
        [
            562.9937580396771, 
            624.0762736575821, 
            897.0
        ], 
        [
            579.344818691224, 
            600.4369211783938, 
            897.0
        ], 
        [
            553.1121083699145, 
            593.553694149552, 
            897.0
        ], 
        [
            564.8727635983797, 
            570.7135819623389, 
            897.0
        ], 
        [
            556.3292313188887, 
            548.1017379905319, 
            897.0
        ], 
        [
            574.0783416880441, 
            514.6758055797833, 
            897.0
        ], 
        [
            557.9490675228424, 
            493.4587509077044, 
            897.0
        ], 
        [
            535.8158179737679, 
            473.34836744837844, 
            897.0
        ], 
        [
            514.282552241105, 
            456.3950770158831, 
            897.0
        ], 
        [
            994.5202619042909, 
            343.9765330348984, 
            897.0
        ], 
        [
            952.2251963395101, 
            343.2793071487054, 
            897.0
        ], 
        [
            911.4849806587024, 
            332.67314744361255, 
            897.0
        ], 
        [
            873.9287559825199, 
            329.6246550746447, 
            897.0
        ], 
        [
            834.2761386108027, 
            331.79647486755476, 
            897.0
        ], 
        [
            803.340172555376, 
            337.2529395330432, 
            897.0
        ], 
        [
            772.7687933753517, 
            344.245111230377, 
            897.0
        ], 
        [
            714.1030193828167, 
            352.9925279545726, 
            897.0
        ], 
        [
            686.0052496049127, 
            354.76118071565384, 
            897.0
        ], 
        [
            650.3633366792405, 
            357.8712394188361, 
            897.0
        ], 
        [
            620.0215575107918, 
            345.7686241293324, 
            897.0
        ], 
        [
            600.4804201884217, 
            341.31183448434234, 
            897.0
        ], 
        [
            576.2590945780921, 
            345.6183352946089, 
            897.0
        ], 
        [
            564.5786106848188, 
            368.2734892245044, 
            897.0
        ], 
        [
            560.7165925338242, 
            391.1448319844246, 
            897.0
        ], 
        [
            545.807386517825, 
            422.32269546752804, 
            897.0
        ], 
        [
            524.7264695339575, 
            435.5247437028154, 
            897.0
        ], 
        [
            1346.8794378246862, 
            246.30669185548737, 
            897.0
        ], 
        [
            1296.4495903811385, 
            245.3680540057864, 
            897.0
        ], 
        [
            1265.8666162264503, 
            242.5986812519293, 
            897.0
        ], 
        [
            1241.1631835522135, 
            235.5510629282486, 
            897.0
        ], 
        [
            1213.9585151386923, 
            232.2367179738917, 
            897.0
        ], 
        [
            1155.0101237112626, 
            226.48861555634633, 
            897.0
        ], 
        [
            1114.5037608739835, 
            212.68365989202312, 
            897.0
        ], 
        [
            1074.798777958653, 
            202.06114411690544, 
            897.0
        ], 
        [
            1042.5358113025409, 
            186.9571144501751, 
            897.0
        ], 
        [
            1000.3335815276077, 
            178.5587659441309, 
            897.0
        ], 
        [
            954.531990624684, 
            175.68956052177867, 
            897.0
        ], 
        [
            897.0051957826722, 
            186.1777222171348, 
            897.0
        ], 
        [
            868.2024454437337, 
            212.1508787862629, 
            897.0
        ], 
        [
            827.208005663976, 
            232.329879487795, 
            897.0
        ], 
        [
            808.444937578353, 
            251.65254928450486, 
            897.0
        ], 
        [
            835.4370448212278, 
            277.13788059187414, 
            897.0
        ], 
        [
            858.5848030265305, 
            298.62720503663314, 
            897.0
        ], 
        [
            888.1532104531443, 
            311.0408583894161, 
            897.0
        ], 
        [
            906.7301162786308, 
            315.7985382521956, 
            897.0
        ], 
        [
            938.1400529491248, 
            319.92504128537985, 
            897.0
        ], 
        [
            964.9525575331891, 
            324.89190654600714, 
            897.0
        ], 
        [
            845.1694614799835, 
            225.89262284933795, 
            897.0
        ], 
        [
            922.1360373645141, 
            183.1927320805286, 
            897.0
        ], 
        [
            1185.2365528467433, 
            229.21613429622408, 
            897.0
        ], 
        [
            1317.107044731124, 
            248.2737514283775, 
            897.0
        ], 
        [
            1000.4762513276673, 
            375.37508899892634, 
            897.0
        ], 
        [
            975.0918852684852, 
            370.0433778536792, 
            897.0
        ], 
        [
            739.2044553395721, 
            351.76057659333964, 
            897.0
        ], 
        [
            736.5574478190176, 
            577.523410475219, 
            897.0
        ], 
        [
            1253.866590319864, 
            376.1360761551283, 
            1053.0
        ], 
        [
            1234.1605420389028, 
            400.7924730110608, 
            1053.0
        ], 
        [
            1212.3004999994987, 
            418.78302230908076, 
            1053.0
        ], 
        [
            1175.1637564937607, 
            430.29685814899983, 
            1053.0
        ], 
        [
            1133.6047092964775, 
            419.74166904083177, 
            1053.0
        ], 
        [
            1087.6426866068723, 
            407.0210533805061, 
            1053.0
        ], 
        [
            1041.52463799077, 
            378.7702032476139, 
            1053.0
        ], 
        [
            1002.1075338747947, 
            372.6013049929501, 
            1053.0
        ], 
        [
            962.4561534780028, 
            346.43321896389307, 
            1053.0
        ], 
        [
            907.7490309022139, 
            344.89784590795813, 
            1053.0
        ], 
        [
            855.1093024244052, 
            334.43945901582447, 
            1053.0
        ], 
        [
            865.5979277487538, 
            305.3433660802419, 
            1053.0
        ], 
        [
            911.3704207281086, 
            289.12992072547723, 
            1053.0
        ], 
        [
            946.1716683040946, 
            266.3187413444473, 
            1053.0
        ], 
        [
            992.080180460406, 
            247.79836475865733, 
            1053.0
        ], 
        [
            1035.9536106148664, 
            238.25018585866542, 
            1053.0
        ], 
        [
            1073.2614632814755, 
            226.5317110933804, 
            1053.0
        ], 
        [
            1106.238286962696, 
            219.35336747232157, 
            1053.0
        ], 
        [
            1145.9293279659885, 
            230.06575944541078, 
            1053.0
        ], 
        [
            1148.3499564848412, 
            283.83842191253336, 
            1053.0
        ], 
        [
            1181.3213327030182, 
            285.6502919350664, 
            1053.0
        ], 
        [
            1205.5090114869993, 
            289.8124101652037, 
            1053.0
        ], 
        [
            1229.697980828858, 
            298.445348381995, 
            1053.0
        ], 
        [
            1234.1083014524781, 
            320.7218886794786, 
            1053.0
        ], 
        [
            1247.2884591692023, 
            347.30367998111814, 
            1053.0
        ], 
        [
            1117.4388875564289, 
            255.12643901127524, 
            1053.0
        ], 
        [
            1106.5721368593531, 
            277.66592528637733, 
            1053.0
        ], 
        [
            681.0816362455182, 
            652.7352151492146, 
            1053.0
        ], 
        [
            625.3482398143512, 
            664.1755023687845, 
            1053.0
        ], 
        [
            556.9775082041681, 
            682.2217367729293, 
            1053.0
        ], 
        [
            501.9580482957579, 
            710.8697824768981, 
            1053.0
        ], 
        [
            466.37633135865593, 
            739.2330531462436, 
            1053.0
        ], 
        [
            400.42649113585566, 
            752.8165828268019, 
            1053.0
        ], 
        [
            342.3516873953982, 
            744.8349348509378, 
            1053.0
        ], 
        [
            336.5618537269212, 
            704.0178511781435, 
            1053.0
        ], 
        [
            379.046179073759, 
            692.7800679531003, 
            1053.0
        ], 
        [
            436.4719164123705, 
            677.0453627634072, 
            1053.0
        ], 
        [
            497.84283859052783, 
            646.0816844621605, 
            1053.0
        ], 
        [
            528.8556058009254, 
            602.3213871474406, 
            1053.0
        ], 
        [
            560.2303701845362, 
            567.1176066703521, 
            1053.0
        ], 
        [
            609.5196158627238, 
            551.2718464761554, 
            1053.0
        ], 
        [
            646.8116774331115, 
            572.6726178199472, 
            1053.0
        ], 
        [
            701.3821424453802, 
            596.0263665810828, 
            1053.0
        ], 
        [
            759.9824176365483, 
            608.4280613933677, 
            1053.0
        ], 
        [
            579.2560641103144, 
            551.6203568147174, 
            1053.0
        ], 
        [
            466.12742082530093, 
            663.7501104354913, 
            1053.0
        ], 
        [
            436.66966278696293, 
            748.141833015321, 
            1053.0
        ], 
        [
            588.9936964337539, 
            673.2268034424592, 
            1053.0
        ], 
        [
            847.3558508032487, 
            663.9196356751197, 
            1053.0
        ], 
        [
            810.7252187749624, 
            666.4853813897059, 
            1053.0
        ], 
        [
            1234.301077963516, 
            616.1957518316078, 
            1053.0
        ], 
        [
            1216.9888310845245, 
            651.2016231617881, 
            1053.0
        ], 
        [
            1165.0030618995197, 
            651.7708041904732, 
            1053.0
        ], 
        [
            1086.9634314359175, 
            635.2429036409001, 
            1053.0
        ], 
        [
            1037.0645688243458, 
            622.744503388101, 
            1053.0
        ], 
        [
            985.114137745073, 
            623.3216884618589, 
            1053.0
        ], 
        [
            944.0607901240329, 
            628.1269623413762, 
            1053.0
        ], 
        [
            905.2919282439541, 
            639.4207766280222, 
            1053.0
        ], 
        [
            747.9466488696844, 
            654.1695145531924, 
            1053.0
        ], 
        [
            719.828710591364, 
            650.1421008699251, 
            1053.0
        ], 
        [
            780.458227045873, 
            662.482596931431, 
            1053.0
        ], 
        [
            1121.6356821827512, 
            639.20876052374, 
            1053.0
        ], 
        [
            1073.631742579768, 
            587.4658736319146, 
            1053.0
        ], 
        [
            1117.0000303282886, 
            582.609057395453, 
            1053.0
        ], 
        [
            1162.5677085485029, 
            575.5383972643315, 
            1053.0
        ], 
        [
            1214.7186389323722, 
            579.3178375511009, 
            1053.0
        ], 
        [
            859.5483620311281, 
            616.0177638369037, 
            1053.0
        ], 
        [
            818.4816140942772, 
            616.4759260363785, 
            1053.0
        ], 
        [
            922.1773392522394, 
            608.7886054262315, 
            1053.0
        ], 
        [
            971.9599508530788, 
            608.231477656748, 
            1053.0
        ], 
        [
            1017.3752300701545, 
            601.1860391949222, 
            1053.0
        ], 
        [
            670.8907962023676, 
            585.4794854017018, 
            1053.0
        ], 
        [
            733.9258760623133, 
            602.1914697919979, 
            1053.0
        ], 
        [
            790.3129395297955, 
            612.4399979279349, 
            1053.0
        ], 
        [
            892.0135917151475, 
            617.8312629876818, 
            1053.0
        ], 
        [
            862.3231264079973, 
            655.0847818375546, 
            1053.0
        ], 
        [
            524.9946632709649, 
            691.207302319645, 
            1053.0
        ], 
        [
            1137.3907884495595, 
            261.84877437244177, 
            1260.0
        ], 
        [
            1145.7521472058647, 
            274.46199705185023, 
            1260.0
        ], 
        [
            1071.1094269564023, 
            292.3834715189682, 
            1260.0
        ], 
        [
            1048.493552532849, 
            318.0367805578392, 
            1260.0
        ], 
        [
            1133.3597778020164, 
            291.56849698656123, 
            1260.0
        ], 
        [
            1085.365700961599, 
            249.80515959939862, 
            1260.0
        ], 
        [
            1114.4563457612296, 
            247.29346251985817, 
            1260.0
        ], 
        [
            1083.4218247461463, 
            271.0455971048987, 
            1260.0
        ], 
        [
            1112.680507020414, 
            306.64287871229635, 
            1260.0
        ], 
        [
            1089.9083644619081, 
            313.27706932401657, 
            1260.0
        ], 
        [
            1393.4517599554597, 
            558.4649518673382, 
            1260.0
        ], 
        [
            1362.710022876695, 
            536.0157787043996, 
            1260.0
        ], 
        [
            1319.5179768357725, 
            524.0664842301173, 
            1260.0
        ], 
        [
            1274.2344263589284, 
            516.2911892226931, 
            1260.0
        ], 
        [
            1237.1769488232126, 
            514.6515828993449, 
            1260.0
        ], 
        [
            1204.2441367243696, 
            512.9636303400741, 
            1260.0
        ], 
        [
            1163.08864859313, 
            511.37354959483037, 
            1260.0
        ], 
        [
            1126.0768818508857, 
            513.8892933758652, 
            1260.0
        ], 
        [
            1091.1421687786267, 
            516.3792331658877, 
            1260.0
        ], 
        [
            1043.9536091820355, 
            525.2365821939935, 
            1260.0
        ], 
        [
            1009.0539704525006, 
            525.6478293041987, 
            1260.0
        ], 
        [
            955.7536260942553, 
            530.4211929505863, 
            1260.0
        ], 
        [
            912.6380250316167, 
            526.783966535856, 
            1260.0
        ], 
        [
            867.5753930761421, 
            529.3867694825249, 
            1260.0
        ], 
        [
            456.54016541221523, 
            591.953689133025, 
            1260.0
        ], 
        [
            420.42501226892665, 
            606.7517149523374, 
            1260.0
        ], 
        [
            384.29463838367496, 
            619.4754147456184, 
            1260.0
        ], 
        [
            338.2310594064026, 
            636.388686086689, 
            1260.0
        ], 
        [
            302.6290264474179, 
            659.2857091802621, 
            1260.0
        ], 
        [
            279.9123855389043, 
            698.2905924094481, 
            1260.0
        ], 
        [
            267.7019908953342, 
            745.1593563865569, 
            1260.0
        ], 
        [
            287.58771693040825, 
            787.4616498282456, 
            1260.0
        ], 
        [
            352.8434939233904, 
            754.3975240427515, 
            1260.0
        ], 
        [
            361.187167473836, 
            707.5896698939837, 
            1260.0
        ], 
        [
            382.24740556262765, 
            674.7462553232551, 
            1260.0
        ], 
        [
            327.63714016105405, 
            780.9819495453936, 
            1260.0
        ], 
        [
            1173.4926562778264, 
            556.8720893018085, 
            1260.0
        ], 
        [
            1210.4659733505841, 
            560.582826170318, 
            1260.0
        ], 
        [
            1245.3822244857238, 
            574.6583969850766, 
            1260.0
        ], 
        [
            1272.0743187498654, 
            578.4860294966554, 
            1260.0
        ], 
        [
            1302.812372066056, 
            602.9135615638545, 
            1260.0
        ], 
        [
            1345.8705900456941, 
            612.7377905360725, 
            1260.0
        ], 
        [
            1378.688449945449, 
            616.4909144839717, 
            1260.0
        ], 
        [
            1419.7687881806664, 
            613.9669778242132, 
            1260.0
        ], 
        [
            1403.5634348668268, 
            583.1813724129524, 
            1260.0
        ], 
        [
            1136.513073881022, 
            551.091505874135, 
            1260.0
        ], 
        [
            1087.2263259262986, 
            547.5245095235389, 
            1260.0
        ], 
        [
            1038.0186105051207, 
            552.237210460894, 
            1260.0
        ], 
        [
            993.0179173420663, 
            563.0995661783697, 
            1260.0
        ], 
        [
            929.6322166348103, 
            572.0948011246232, 
            1260.0
        ], 
        [
            870.2655839939472, 
            570.71498196285, 
            1260.0
        ], 
        [
            814.9432097339698, 
            565.1605997386878, 
            1260.0
        ], 
        [
            769.9285406048325, 
            563.61714353604, 
            1260.0
        ], 
        [
            834.8666822519415, 
            533.9135531738168, 
            1260.0
        ], 
        [
            787.8548647916097, 
            538.6050577578369, 
            1260.0
        ], 
        [
            746.934180098183, 
            539.0848684670968, 
            1260.0
        ], 
        [
            679.651426551106, 
            548.1427097435752, 
            1260.0
        ], 
        [
            614.1267140632021, 
            542.7091017039543, 
            1260.0
        ], 
        [
            567.3416469144817, 
            549.4543488624247, 
            1260.0
        ], 
        [
            529.0105330591836, 
            564.3463111338906, 
            1260.0
        ], 
        [
            484.76571621622975, 
            583.3998604087637, 
            1260.0
        ], 
        [
            536.1073342125015, 
            597.2140002512822, 
            1260.0
        ], 
        [
            477.6842098336854, 
            616.368184604611, 
            1260.0
        ], 
        [
            425.48203759430334, 
            635.4112326911061, 
            1260.0
        ], 
        [
            403.8803352192413, 
            656.1196227171954, 
            1260.0
        ], 
        [
            651.8692218138744, 
            581.4794061900209, 
            1260.0
        ], 
        [
            584.9812494503442, 
            596.6562841983878, 
            1260.0
        ], 
        [
            619.5087263638309, 
            592.146674098564, 
            1260.0
        ], 
        [
            737.3627457596476, 
            570.1855755091933, 
            1260.0
        ], 
        [
            710.8584236926349, 
            572.5543960468331, 
            1260.0
        ], 
        [
            688.5447610929147, 
            578.9969455014757, 
            1260.0
        ], 
        [
            710.0755806443625, 
            537.4485510684824, 
            1260.0
        ], 
        [
            964.3855731239765, 
            567.5632981798626, 
            1260.0
        ], 
        [
            903.0581442378304, 
            574.4653162807454, 
            1260.0
        ], 
        [
            642.6717980345493, 
            540.3073848512151, 
            1260.0
        ], 
        [
            1271.4874826485723, 
            687.4867799074943, 
            1403.0
        ], 
        [
            1218.4036965013631, 
            692.0174152355353, 
            1403.0
        ], 
        [
            1183.1952445268823, 
            642.8016733491811, 
            1403.0
        ], 
        [
            1150.5763845160575, 
            591.2555366203266, 
            1403.0
        ], 
        [
            1118.0064422658245, 
            561.8173103660718, 
            1403.0
        ], 
        [
            1063.0406739257564, 
            544.6248603417198, 
            1403.0000000000002
        ], 
        [
            1010.785679154246, 
            522.6342242147214, 
            1403.0000000000002
        ], 
        [
            921.6963083987823, 
            532.2941842970472, 
            1403.0
        ], 
        [
            865.1145652805667, 
            541.9266704917809, 
            1403.0
        ], 
        [
            963.6780109569468, 
            483.7038120724052, 
            1403.0
        ], 
        [
            1020.7296564630357, 
            481.2083870545374, 
            1402.9999999999998
        ], 
        [
            1108.0472516198113, 
            478.66539515556116, 
            1403.0
        ], 
        [
            1168.2499353642445, 
            500.6582404348442, 
            1402.9999999999998
        ], 
        [
            1198.44003164988, 
            522.7341108759671, 
            1403.0
        ], 
        [
            1261.5301347717514, 
            576.8660429291106, 
            1403.0
        ], 
        [
            1269.0519584770468, 
            626.0516821598293, 
            1403.0
        ], 
        [
            386.0036975418992, 
            555.5490425966126, 
            1403.0000000000002
        ], 
        [
            480.79890668513224, 
            543.8092723808601, 
            1403.0
        ], 
        [
            549.9708574694477, 
            527.1710160725916, 
            1403.0000000000002
        ], 
        [
            614.731246042508, 
            510.4357755799307, 
            1403.0
        ], 
        [
            691.9675885617869, 
            505.62917685356695, 
            1403.0
        ], 
        [
            767.2376212871932, 
            488.7288490163726, 
            1403.0
        ], 
        [
            835.6516694016265, 
            498.35080288563984, 
            1403.0
        ], 
        [
            892.1190744423391, 
            498.3263554614547, 
            1403.0
        ], 
        [
            301.50534094664863, 
            612.1592879693213, 
            1402.9999999999998
        ], 
        [
            261.9117497136237, 
            659.1952010995154, 
            1403.0
        ], 
        [
            210.7891335362553, 
            696.5457791785535, 
            1403.0
        ], 
        [
            192.54530776747174, 
            771.6261638341385, 
            1403.0
        ], 
        [
            202.21543848726571, 
            853.9570999238044, 
            1403.0
        ], 
        [
            193.17079719377594, 
            905.4543687928499, 
            1403.0000000000002
        ], 
        [
            220.98874122496503, 
            894.1622913884898, 
            1403.0
        ], 
        [
            234.73025442843945, 
            845.0102181680393, 
            1403.0000000000002
        ], 
        [
            243.79105732500736, 
            786.3027297190072, 
            1403.0000000000002
        ], 
        [
            255.20913582487458, 
            729.8880191513088, 
            1403.0
        ], 
        [
            297.0953962392256, 
            680.6734788364813, 
            1403.0
        ], 
        [
            190.04761155442435, 
            734.001528367266, 
            1403.0
        ], 
        [
            331.8779862013895, 
            574.39795092261, 
            1402.9999999999998
        ], 
        [
            521.4384485850711, 
            584.4481478362221, 
            1403.0
        ], 
        [
            485.7650649539829, 
            612.9327570071943, 
            1403.0
        ], 
        [
            419.3586405676243, 
            629.2840156735423, 
            1403.0
        ], 
        [
            376.8254076502673, 
            629.0767728802284, 
            1403.0
        ], 
        [
            327.4712678471032, 
            650.1332125899454, 
            1403.0
        ], 
        [
            701.7355607634688, 
            551.3338763627314, 
            1403.0
        ], 
        [
            762.4478928788681, 
            549.0256631233746, 
            1403.0
        ], 
        [
            808.7879417352702, 
            546.6841477311758, 
            1403.0
        ], 
        [
            638.9234605368061, 
            560.8226838553365, 
            1403.0
        ], 
        [
            571.6387653474828, 
            570.2509221628292, 
            1403.0
        ], 
        [
            1226.168202860557, 
            544.8533648155822, 
            1403.0
        ], 
        [
            1063.0668649737204, 
            476.27770959222494, 
            1403.0
        ], 
        [
            433.2968529959196, 
            546.1219413359709, 
            1403.0
        ], 
        [
            447.77317771111416, 
            622.287502143246, 
            1402.9999999999998
        ], 
        [
            653.2697733099662, 
            498.42976467915975, 
            1403.0
        ], 
        [
            663.0461292654139, 
            558.471796199102, 
            1403.0
        ], 
        [
            730.7491958227873, 
            491.1682101748317, 
            1403.0
        ], 
        [
            803.8366440966199, 
            488.6988700548885, 
            1403.0
        ], 
        [
            926.6103372347642, 
            486.1698525693218, 
            1403.0
        ], 
        [
            1271.5344702122384, 
            658.008974075036, 
            1403.0
        ], 
        [
            1195.7527043642992, 
            667.3646403620137, 
            1403.0
        ], 
        [
            1163.10757279977, 
            618.2236637710885, 
            1403.0
        ], 
        [
            1241.099112199972, 
            709.3499619073347, 
            1403.0
        ], 
        [
            192.74293588192504, 
            813.9101972557091, 
            1403.0
        ], 
        [
            239.25383785193958, 
            814.4905897770686, 
            1403.0
        ], 
        [
            250.68463902843624, 
            762.8297945878196, 
            1403.0
        ], 
        [
            271.4401693612518, 
            701.7292172974735, 
            1403.0
        ], 
        [
            224.63809572312647, 
            670.745299320631, 
            1403.0
        ], 
        [
            278.1596926600967, 
            630.9578634337975, 
            1403.0
        ], 
        [
            188.38845372139983, 
            874.8809738397434, 
            1403.0
        ], 
        [
            227.8828222704542, 
            875.472529076863, 
            1403.0
        ], 
        [
            514.1113613885196, 
            524.7574617619899, 
            1403.0
        ], 
        [
            583.5043847338825, 
            517.6179640959757, 
            1403.0
        ], 
        [
            602.8419731883928, 
            570.3277428827857, 
            1403.0
        ], 
        [
            1138.119794483831, 
            483.5272383728288, 
            1403.0
        ], 
        [
            963.6869390866718, 
            529.901950007946, 
            1403.0
        ], 
        [
            1311.1433029791858, 
            533.3777370033913, 
            1520.0
        ], 
        [
            1298.6984576219206, 
            504.82867294791185, 
            1520.0000000000002
        ], 
        [
            1278.8405451161234, 
            466.82232408513414, 
            1520.0
        ], 
        [
            1249.2123783465763, 
            431.37846354873875, 
            1520.0
        ], 
        [
            1200.1660197585245, 
            408.2380745598398, 
            1520.0
        ], 
        [
            1153.8230602691974, 
            401.8154198911534, 
            1520.0
        ], 
        [
            1117.331350330505, 
            395.256140567004, 
            1520.0
        ], 
        [
            1105.8922376758114, 
            485.7925896472982, 
            1520.0
        ], 
        [
            1144.8353015301075, 
            504.31716285960744, 
            1520.0000000000002
        ], 
        [
            1188.713100547341, 
            518.0698711816727, 
            1520.0
        ], 
        [
            1223.0881446785666, 
            553.416811200115, 
            1520.0
        ], 
        [
            1267.3283421428873, 
            591.122795477008, 
            1520.0
        ], 
        [
            1279.7853144763549, 
            626.7807940905973, 
            1519.9999999999998
        ], 
        [
            1311.7979734795786, 
            650.3948103689261, 
            1520.0
        ], 
        [
            1360.8787239626927, 
            630.93833773996, 
            1520.0
        ], 
        [
            1360.6585884127276, 
            587.8904041182336, 
            1520.0
        ], 
        [
            1333.4053286566568, 
            557.0544665824489, 
            1520.0
        ], 
        [
            1064.1744035634963, 
            410.3737445144901, 
            1520.0000000000002
        ], 
        [
            1018.3410224795352, 
            411.093531348707, 
            1520.0
        ], 
        [
            981.286483930478, 
            478.7059940109673, 
            1520.0000000000002
        ], 
        [
            1016.5148705369536, 
            479.84319583837566, 
            1520.0
        ], 
        [
            1062.2532569698058, 
            472.12394465091563, 
            1520.0
        ], 
        [
            389.9678018438278, 
            562.0724808311932, 
            1520.0
        ], 
        [
            353.54296987481234, 
            578.5955261292829, 
            1520.0
        ], 
        [
            321.93439452546505, 
            604.2336651073604, 
            1520.0
        ], 
        [
            274.96439185131834, 
            659.7673885984752, 
            1520.0
        ], 
        [
            257.56137684339785, 
            708.0306468148099, 
            1520.0000000000002
        ], 
        [
            235.85497217501307, 
            767.6311124535723, 
            1520.0000000000002
        ], 
        [
            214.06165595396706, 
            817.9310417088706, 
            1520.0
        ], 
        [
            180.569529327504, 
            838.4686934703072, 
            1520.0
        ], 
        [
            162.1024267305396, 
            811.1358187966472, 
            1520.0
        ], 
        [
            177.1744843379661, 
            770.0690174349711, 
            1519.9999999999998
        ], 
        [
            190.05792044760403, 
            731.2137285651885, 
            1520.0000000000002
        ], 
        [
            203.07724449116668, 
            699.1504685394913, 
            1519.9999999999998
        ], 
        [
            204.77325937300893, 
            664.818642240506, 
            1520.0
        ], 
        [
            233.37927726954732, 
            614.191542233544, 
            1520.0
        ], 
        [
            273.7717649198598, 
            583.9736122418417, 
            1520.0
        ], 
        [
            368.7839649828978, 
            525.3491391030747, 
            1520.0
        ], 
        [
            341.5862065586686, 
            544.1258812646079, 
            1519.9999999999998
        ], 
        [
            314.3485470201764, 
            555.9475865987582, 
            1520.0
        ], 
        [
            292.5865956544635, 
            622.8849729042341, 
            1520.0
        ], 
        [
            765.4192018283459, 
            412.7160471174782, 
            1520.0
        ], 
        [
            850.7571451967752, 
            409.01138262486324, 
            1520.0
        ], 
        [
            908.0125126976977, 
            412.82617700786665, 
            1520.0
        ], 
        [
            610.3450095061206, 
            417.50087358717883, 
            1520.0
        ], 
        [
            506.08470554503026, 
            454.0275900690574, 
            1519.9999999999998
        ], 
        [
            416.47336368462544, 
            487.74916778880294, 
            1520.0
        ], 
        [
            462.28643803790396, 
            466.2632586820616, 
            1520.0
        ], 
        [
            549.9771885735252, 
            437.0903208988375, 
            1520.0
        ], 
        [
            620.1262162154484, 
            452.3858449943151, 
            1519.9999999999998
        ], 
        [
            566.7149281933416, 
            471.7944936730666, 
            1519.9999999999998
        ], 
        [
            527.4510493772896, 
            490.9376052785099, 
            1520.0
        ], 
        [
            488.22239900086856, 
            503.055223507917, 
            1520.0
        ], 
        [
            442.29941570818744, 
            522.1666746915746, 
            1520.0
        ], 
        [
            718.148750162746, 
            406.4258026724467, 
            1520.0
        ], 
        [
            664.0802878240722, 
            407.29379001529105, 
            1519.9999999999998
        ], 
        [
            718.5487027536855, 
            441.59345228278056, 
            1520.0
        ], 
        [
            666.9268053125388, 
            449.3728964530815, 
            1520.0000000000002
        ], 
        [
            763.4665731632954, 
            450.3223128326705, 
            1520.0
        ], 
        [
            803.291030275941, 
            412.11798720128104, 
            1520.0
        ], 
        [
            810.8472780087061, 
            454.34339261985286, 
            1520.0
        ], 
        [
            853.5625328654089, 
            451.380656151465, 
            1520.0
        ], 
        [
            906.0745506184287, 
            460.0679288518754, 
            1519.9999999999998
        ], 
        [
            979.9057877502744, 
            416.433178704861, 
            1520.0
        ], 
        [
            948.6815866578474, 
            412.18749264062166, 
            1520.0
        ], 
        [
            949.285424028167, 
            478.366743302629, 
            1520.0000000000002
        ]
