        [
            1258.2490144809553, 
            281.45969873152166, 
            169.0
        ], 
        [
            1254.443476638769, 
            327.7667240964903, 
            169.0
        ], 
        [
            1231.463159460169, 
            358.8070130519313, 
            169.0
        ], 
        [
            1220.3298535196477, 
            388.11510805892607, 
            169.0
        ], 
        [
            532.919223126919, 
            430.2075786139287, 
            169.0
        ], 
        [
            1192.080109190384, 
            421.3775633822578, 
            169.0
        ], 
        [
            1175.7405989371912, 
            456.0793629440457, 
            169.0
        ], 
        [
            1177.192287184822, 
            500.6158426417902, 
            169.0
        ], 
        [
            1176.4749652793573, 
            536.8852663898251, 
            169.0
        ], 
        [
            1165.3939061646217, 
            571.641886530141, 
            169.0
        ], 
        [
            1152.4289492214073, 
            601.3030376962708, 
            169.0
        ], 
        [
            1134.166464246407, 
            627.6692524318036, 
            169.0
        ], 
        [
            1110.6199287288985, 
            652.4852632338544, 
            169.0
        ], 
        [
            1062.1416024088744, 
            658.8425153845888, 
            169.0
        ], 
        [
            1012.8808528886033, 
            646.0497305456572, 
            169.0
        ], 
        [
            968.3555152509651, 
            622.5838970634813, 
            169.0
        ], 
        [
            930.5962278094992, 
            595.3631180942056, 
            169.0
        ], 
        [
            877.1782666621455, 
            585.8908546599524, 
            169.0
        ], 
        [
            823.4954289122978, 
            578.1245599892804, 
            169.0
        ], 
        [
            767.9743648637744, 
            580.9446510148366, 
            169.0
        ], 
        [
            725.0380814756144, 
            594.1646923980059, 
            169.0
        ], 
        [
            679.8965288494385, 
            600.3844243359501, 
            169.0
        ], 
        [
            643.692024791029, 
            608.2291292631371, 
            168.99999999999955
        ], 
        [
            609.0366156349871, 
            610.7200606901029, 
            169.0
        ], 
        [
            866.8761716614433, 
            261.4879247979663, 
            169.0
        ], 
        [
            919.88353441073, 
            257.9154560642027, 
            169.0
        ], 
        [
            970.452253916707, 
            240.43837024862478, 
            169.0
        ], 
        [
            1008.6933861580809, 
            230.00258807372143, 
            169.0
        ], 
        [
            1055.5087849857257, 
            221.35162672163682, 
            169.0
        ], 
        [
            1102.3119134634512, 
            221.38496071241804, 
            169.0
        ], 
        [
            1145.6201615445452, 
            228.31020654616395, 
            169.0
        ], 
        [
            1191.7655623279593, 
            221.44867113570558, 
            169.0
        ], 
        [
            1223.0473951167442, 
            240.34952604820734, 
            169.0
        ], 
        [
            597.8250459297478, 
            382.83775909114144, 
            169.0
        ], 
        [
            624.6912366970438, 
            361.2964349024938, 
            169.0
        ], 
        [
            660.2907238985526, 
            329.1357202075532, 
            169.0
        ], 
        [
            705.2332885746665, 
            314.75705900662604, 
            169.0
        ], 
        [
            744.505606925069, 
            298.7070507177222, 
            169.0
        ], 
        [
            778.1341092917703, 
            279.2228932669381, 
            169.0
        ], 
        [
            811.7684390498708, 
            265.08463501107366, 
            169.0
        ], 
        [
            563.8388450962822, 
            403.0430171530062, 
            169.00000000000045
        ], 
        [
            511.3307185236366, 
            459.234658813238, 
            169.0
        ], 
        [
            559.5878837692852, 
            615.3109052632875, 
            169.0
        ], 
        [
            517.1772589814124, 
            616.189193400863, 
            169.0
        ], 
        [
            505.0205273297938, 
            573.4064550328814, 
            169.0
        ], 
        [
            500.3477112992115, 
            534.0525694145938, 
            169.0
        ], 
        [
            501.0941351307582, 
            489.2458159112924, 
            169.00000000000045
        ], 
        [
            1456.8669028240279, 
            263.13309747748497, 
            299.0
        ], 
        [
            1428.8604670001066, 
            288.9860574570968, 
            299.0
        ], 
        [
            1413.6528784315865, 
            321.547632901402, 
            299.0
        ], 
        [
            1379.0632310436733, 
            345.9075815440083, 
            299.0
        ], 
        [
            1345.925725259697, 
            370.38095760846727, 
            299.0
        ], 
        [
            1322.5155227597538, 
            403.17569546181454, 
            299.0
        ], 
        [
            1298.8148084075906, 
            426.19704873011676, 
            299.0
        ], 
        [
            1273.4212810495262, 
            449.2915563327763, 
            299.0
        ], 
        [
            1120.3405272246887, 
            629.2287162901989, 
            299.0
        ], 
        [
            777.7640516984104, 
            570.0532653932248, 
            299.0
        ], 
        [
            824.5129475606769, 
            569.5216177400268, 
            299.0
        ], 
        [
            871.2902319817377, 
            580.8157808876726, 
            299.0
        ], 
        [
            906.0532420728875, 
            600.6114424732526, 
            299.0
        ], 
        [
            947.2465623359088, 
            613.489401957194, 
            299.0
        ], 
        [
            991.4374368602183, 
            621.2194195246991, 
            299.0
        ], 
        [
            1040.2486919622654, 
            623.8198057938639, 
            299.0
        ], 
        [
            1077.0767153026784, 
            626.5836862491794, 
            299.0
        ], 
        [
            1149.3490209804177, 
            598.9644223736261, 
            299.0
        ], 
        [
            1173.3642963543032, 
            570.5177711099088, 
            299.0
        ], 
        [
            1192.5111458183521, 
            547.1580116455121, 
            299.0
        ], 
        [
            1219.5155988101035, 
            512.2302524577789, 
            299.0
        ], 
        [
            1241.7406267355295, 
            485.6830333796504, 
            299.0
        ], 
        [
            720.2183449206544, 
            570.7076988165329, 
            299.0
        ], 
        [
            676.3211680183626, 
            571.2069155497272, 
            299.0
        ], 
        [
            634.214407657967, 
            285.936132468734, 
            299.0
        ], 
        [
            622.8156157724459, 
            320.37445905990916, 
            299.0
        ], 
        [
            595.3687610296674, 
            354.79274366486175, 
            299.0
        ], 
        [
            569.8917658554146, 
            397.9699171635243, 
            299.0
        ], 
        [
            544.1850235149324, 
            436.06918692251213, 
            299.0
        ], 
        [
            536.7668146211381, 
            486.30680331590963, 
            299.0
        ], 
        [
            555.7729183269503, 
            520.7671496956248, 
            299.0
        ], 
        [
            576.346081397088, 
            549.9292901900586, 
            299.0
        ], 
        [
            610.8702059245572, 
            571.9512507847759, 
            299.0
        ], 
        [
            1092.6578742206207, 
            120.43982640567003, 
            299.0
        ], 
        [
            1042.6497219253554, 
            129.54940620604998, 
            299.0
        ], 
        [
            999.0246561722726, 
            137.15695032545943, 
            299.0
        ], 
        [
            951.9619527004086, 
            153.21633519709383, 
            299.0
        ], 
        [
            907.5711079735734, 
            152.44867889292016, 
            299.0
        ], 
        [
            861.4653618089123, 
            161.86942382530867, 
            299.0
        ], 
        [
            815.2178573656255, 
            176.47444011865207, 
            299.0
        ], 
        [
            777.4073843277627, 
            191.29488555865726, 
            299.0
        ], 
        [
            732.4010438707718, 
            206.0940665709661, 
            299.0
        ], 
        [
            697.8563831294573, 
            226.27353157399466, 
            299.0
        ], 
        [
            668.773345171484, 
            256.93626057636163, 
            299.0
        ], 
        [
            1340.9058762404716, 
            146.76410528761596, 
            299.0
        ], 
        [
            1375.2587326262153, 
            173.6794689281262, 
            299.0
        ], 
        [
            1399.7761740521378, 
            197.03313375120308, 
            299.0
        ], 
        [
            1433.8137417213036, 
            223.69042776850984, 
            299.0
        ], 
        [
            1172.0345630437098, 
            108.66286750119855, 
            299.0
        ], 
        [
            1133.9907395848013, 
            109.54859147068885, 
            299.0
        ], 
        [
            1219.6085912034043, 
            102.99575858381274, 
            299.0
        ], 
        [
            1264.0357175172016, 
            115.53833073873318, 
            299.0
        ], 
        [
            1301.6565927226438, 
            126.22021855679122, 
            299.0
        ], 
        [
            1568.2578773551384, 
            274.15718487898215, 
            455.0
        ], 
        [
            1542.8425940757284, 
            301.45052004216274, 
            455.00000000000045
        ], 
        [
            1509.5161568960198, 
            322.9317259456521, 
            455.00000000000045
        ], 
        [
            1482.0656417710175, 
            338.5585766058388, 
            455.0
        ], 
        [
            1460.5105765983744, 
            352.222869795943, 
            455.0
        ], 
        [
            1427.147155006685, 
            362.020469376283, 
            455.0
        ], 
        [
            1397.6925623130505, 
            364.02814852284905, 
            455.0
        ], 
        [
            1356.4774880369328, 
            364.1164769808546, 
            454.99999999999955
        ], 
        [
            1340.8754364269162, 
            385.5237652810812, 
            455.00000000000045
        ], 
        [
            1309.562718991407, 
            401.1285697582352, 
            455.0
        ], 
        [
            1286.0858847028462, 
            412.82833390573205, 
            455.0
        ], 
        [
            1264.58660401638, 
            428.4095785458786, 
            454.99999999999955
        ], 
        [
            1231.316282023163, 
            434.2845053191244, 
            455.0
        ], 
        [
            1094.1849854314016, 
            98.30547391731204, 
            455.0
        ], 
        [
            1131.1023346646473, 
            92.33250462502167, 
            455.0
        ], 
        [
            1164.1562115304341, 
            86.37657693123174, 
            455.0
        ], 
        [
            1199.1791263901728, 
            80.40576911780522, 
            454.99999999999955
        ], 
        [
            1234.2430702003585, 
            80.2089383277995, 
            455.00000000000045
        ], 
        [
            1269.3246091725832, 
            76.15805555354734, 
            454.99999999999955
        ], 
        [
            1298.6050555404179, 
            79.84764353200103, 
            455.0
        ], 
        [
            1325.9635511405027, 
            85.47969433224375, 
            454.99999999999955
        ], 
        [
            1353.3442995107246, 
            91.11632611277241, 
            455.0
        ], 
        [
            1469.094829066884, 
            134.95128026777041, 
            455.0
        ], 
        [
            1441.5712535803768, 
            121.55243110804207, 
            455.0
        ], 
        [
            1410.1497385674327, 
            106.25601221691602, 
            455.0
        ], 
        [
            1382.7216100334567, 
            100.60822472253574, 
            455.0
        ], 
        [
            1496.6462151685253, 
            148.36366801144482, 
            454.99999999999955
        ], 
        [
            1524.2753531808023, 
            169.53853374261251, 
            455.00000000000045
        ], 
        [
            1551.8983640575232, 
            184.9220656666277, 
            454.99999999999955
        ], 
        [
            1565.855867225784, 
            212.01992150987945, 
            455.0
        ], 
        [
            1571.978577123864, 
            243.0582690400355, 
            455.0
        ], 
        [
            1201.9893737357497, 
            444.03682739220955, 
            455.0
        ], 
        [
            870.8496693790453, 
            405.73780241371156, 
            455.00000000000045
        ], 
        [
            911.579064858255, 
            421.1486865777332, 
            455.0
        ], 
        [
            948.477040257608, 
            436.58590515655516, 
            454.99999999999955
        ], 
        [
            973.7529001354716, 
            442.36636463959746, 
            455.00000000000045
        ], 
        [
            1000.9944828757662, 
            450.08766643805063, 
            455.0
        ], 
        [
            1036.052695469549, 
            455.86798782839116, 
            455.0
        ], 
        [
            1069.1958179292724, 
            461.65598660377407, 
            455.0
        ], 
        [
            1098.4689367806493, 
            469.3948472109082, 
            455.00000000000045
        ], 
        [
            1127.7659399383297, 
            475.19782956595316, 
            455.0
        ], 
        [
            1153.1545556335823, 
            467.404545846196, 
            454.99999999999955
        ], 
        [
            1174.635367748358, 
            455.7254833908671, 
            455.0
        ], 
        [
            830.1368647661097, 
            407.7372641859289, 
            455.0
        ], 
        [
            795.2754761378013, 
            407.7937954514456, 
            455.0
        ], 
        [
            772.039442609915, 
            411.693953473876, 
            455.0
        ], 
        [
            731.4267089656935, 
            411.7578845555639, 
            455.0
        ], 
        [
            698.5717836213305, 
            413.73924099108035, 
            455.0
        ], 
        [
            665.7417796380821, 
            415.71909451349654, 
            455.0
        ], 
        [
            644.5713616378456, 
            404.1821207941731, 
            455.00000000000045
        ], 
        [
            615.7573816821073, 
            383.03611719942876, 
            455.0
        ], 
        [
            607.820193716303, 
            362.4953086078649, 
            455.0
        ], 
        [
            621.7557327623139, 
            338.74294988383974, 
            455.0
        ], 
        [
            1064.438341605848, 
            101.88280838641538, 
            455.00000000000045
        ], 
        [
            1023.433194724502, 
            107.59376363266142, 
            455.0
        ], 
        [
            986.325802323907, 
            115.27150542346374, 
            455.0
        ], 
        [
            955.0748630286937, 
            122.96990288574307, 
            455.0
        ], 
        [
            919.8832980495549, 
            140.4178162101639, 
            454.99999999999955
        ], 
        [
            884.7449973763626, 
            146.1473256291497, 
            455.0
        ], 
        [
            853.5026128470138, 
            153.84337622380917, 
            455.0
        ], 
        [
            824.1970997895796, 
            165.4511062888613, 
            455.0
        ], 
        [
            788.5106425335289, 
            180.04829397173557, 
            455.0
        ], 
        [
            753.9884623787517, 
            201.19129689001852, 
            455.0
        ], 
        [
            721.5269673089126, 
            228.6456949085109, 
            455.0
        ], 
        [
            687.2770641899657, 
            251.71113135611768, 
            455.0
        ], 
        [
            665.0403105391592, 
            283.2213941931641, 
            455.0
        ], 
        [
            650.8529622904969, 
            314.64677534660996, 
            455.0
        ], 
        [
            1556.8166453208426, 
            345.1893657341393, 
            598.0
        ], 
        [
            1541.6549321449788, 
            376.52300064852386, 
            598.0
        ], 
        [
            1522.8965373360677, 
            404.0660698249292, 
            598.0
        ], 
        [
            1487.6810158247242, 
            429.45573230322356, 
            598.0
        ], 
        [
            1447.133305480732, 
            441.7512782533839, 
            598.0
        ], 
        [
            1402.9917178796172, 
            444.69201739571173, 
            598.0000000000005
        ], 
        [
            1362.482189803403, 
            445.8395965999813, 
            598.0
        ], 
        [
            1320.0344781135157, 
            448.82142304823066, 
            598.0
        ], 
        [
            1281.260559636075, 
            448.1404936516024, 
            598.0
        ], 
        [
            1244.2981893689093, 
            445.6231367363946, 
            598.0000000000005
        ], 
        [
            1205.30622241887, 
            452.4154128839544, 
            598.0
        ], 
        [
            1159.030293699787, 
            442.25066464587286, 
            598.0
        ], 
        [
            1114.4720344534362, 
            435.8438081412368, 
            598.0
        ], 
        [
            1062.1434365888279, 
            449.91814646743995, 
            598.0
        ], 
        [
            1064.7748207343343, 
            203.57697384590847, 
            598.0000000000005
        ], 
        [
            1091.1541723727296, 
            185.3128011935894, 
            598.0000000000005
        ], 
        [
            1130.6052783388488, 
            165.48059508016036, 
            598.0
        ], 
        [
            1164.307991576284, 
            154.96147284200106, 
            598.0
        ], 
        [
            1203.5796729581846, 
            142.70419212849458, 
            598.0
        ], 
        [
            1248.4225809473028, 
            126.8330529751288, 
            598.0
        ], 
        [
            1291.1931607928761, 
            122.22798858286944, 
            598.0
        ], 
        [
            1333.6825035415084, 
            132.66563868195226, 
            598.0
        ], 
        [
            1374.265219346896, 
            141.16071810128722, 
            598.0
        ], 
        [
            1413.0104580335965, 
            143.9697035923724, 
            598.0
        ], 
        [
            1451.516862463239, 
            158.01500247141882, 
            598.0
        ], 
        [
            1489.8287119179176, 
            179.51647756253806, 
            598.0000000000005
        ], 
        [
            1524.572555870852, 
            189.67604255854656, 
            598.0
        ], 
        [
            1542.5757805456678, 
            210.64498670126568, 
            598.0
        ], 
        [
            1566.017844123403, 
            233.57456275456946, 
            598.0
        ], 
        [
            1574.600375816447, 
            267.33173141367433, 
            598.0
        ], 
        [
            1568.512452342251, 
            302.6056356430215, 
            598.0000000000005
        ], 
        [
            805.8926478844631, 
            108.18983084026934, 
            455.0
        ], 
        [
            830.3186141590427, 
            125.29081237555738, 
            455.0
        ], 
        [
            771.0435183681918, 
            100.99701478860311, 
            455.0
        ], 
        [
            729.7234550996668, 
            98.7969242596231, 
            455.0
        ], 
        [
            683.092330379753, 
            96.93489864358958, 
            455.0
        ], 
        [
            634.0413391218111, 
            95.24818494096621, 
            455.0
        ], 
        [
            584.4238706901041, 
            104.12002377570832, 
            455.0
        ], 
        [
            550.3080134825728, 
            116.58719417357952, 
            455.0
        ], 
        [
            518.7578013083959, 
            121.38216477736853, 
            455.0
        ], 
        [
            490.3131523414597, 
            138.0257098248038, 
            455.0
        ], 
        [
            472.04234077670105, 
            167.7968272077232, 
            455.0
        ], 
        [
            447.44626535675934, 
            184.72884804535437, 
            455.0
        ], 
        [
            413.1105902648841, 
            205.77011107963915, 
            455.0
        ], 
        [
            346.9827066578704, 
            334.4128863726081, 
            455.0
        ], 
        [
            319.51468122335496, 
            297.5792261805292, 
            455.0
        ], 
        [
            373.5039118006662, 
            355.7687201232585, 
            455.0
        ], 
        [
            333.5084487150748, 
            262.51137691396264, 
            455.0
        ], 
        [
            386.9056787993791, 
            225.2621379055197, 
            455.0
        ], 
        [
            323.4540847767386, 
            322.6915721792742, 
            455.0
        ], 
        [
            390.4398365716752, 
            376.1391501219499, 
            455.0
        ], 
        [
            414.58617923685233, 
            389.8766682907168, 
            455.0
        ], 
        [
            431.8765930652273, 
            410.598767426677, 
            455.0
        ], 
        [
            459.18479116210085, 
            417.8593959101239, 
            455.0
        ], 
        [
            490.78498331143555, 
            415.02630866269317, 
            455.0
        ], 
        [
            519.3441449700703, 
            402.33029041901943, 
            455.0
        ], 
        [
            549.5016369508487, 
            394.54565104587266, 
            455.0
        ], 
        [
            569.2066800900087, 
            377.23153003271216, 
            455.0
        ], 
        [
            629.0444961225855, 
            286.7117571310288, 
            455.0
        ], 
        [
            611.6487576399761, 
            316.5541892809439, 
            455.0
        ], 
        [
            588.1500826716804, 
            341.9734675809693, 
            455.0
        ], 
        [
            802.3322371384902, 
            154.07653880848926, 
            454.9999999999998
        ], 
        [
            775.0800043678312, 
            169.02308978273697, 
            455.0
        ], 
        [
            725.7251811192666, 
            196.18611070416932, 
            455.0
        ], 
        [
            679.2995894932629, 
            230.07564370232063, 
            455.0
        ], 
        [
            662.4706571518027, 
            248.07654067752947, 
            455.0000000000002
        ], 
        [
            649.3833619422961, 
            265.1405087483722, 
            455.0
        ], 
        [
            699.8665937561016, 
            212.82352908036927, 
            455.0
        ], 
        [
            746.9969168641868, 
            184.04869438083108, 
            455.0
        ], 
        [
            356.6373111186184, 
            240.77493651431098, 
            455.0
        ], 
        [
            804.4171537448882, 
            572.3225027353315, 
            598.0
        ], 
        [
            840.240343210343, 
            575.6513641554781, 
            598.0
        ], 
        [
            883.1312331936704, 
            567.3980956519034, 
            598.0
        ], 
        [
            917.7301681679404, 
            564.6953994524633, 
            598.0
        ], 
        [
            950.4332780782095, 
            545.0771340231561, 
            598.0
        ], 
        [
            988.9033437509739, 
            521.534672431106, 
            598.0
        ], 
        [
            1021.5024060107663, 
            509.3968260787863, 
            597.9999999999998
        ], 
        [
            1035.406161562736, 
            484.4978713914019, 
            598.0
        ], 
        [
            766.3059133342333, 
            577.3653954641112, 
            598.0
        ], 
        [
            731.33790937969, 
            581.4837832064518, 
            598.0
        ], 
        [
            695.1416638364705, 
            591.2939285675366, 
            598.0
        ], 
        [
            662.4825319687402, 
            596.6408366047604, 
            598.0
        ], 
        [
            626.126541775792, 
            603.6841574829502, 
            598.0
        ], 
        [
            592.1221874549476, 
            610.5527263443034, 
            598.0
        ], 
        [
            557.9471085103812, 
            621.6756084307619, 
            597.9999999999998
        ], 
        [
            526.5516784675792, 
            617.0736101112368, 
            598.0
        ], 
        [
            495.07674966788807, 
            616.712301050931, 
            598.0
        ], 
        [
            464.9563672702891, 
            613.4371808676747, 
            598.0
        ], 
        [
            437.5142979649345, 
            605.7623146700728, 
            597.9999999999998
        ], 
        [
            407.59937225696, 
            601.1037422605334, 
            598.0
        ], 
        [
            385.8887074971565, 
            580.5542404260998, 
            598.0
        ], 
        [
            378.0506153055351, 
            550.8923302523101, 
            598.0
        ], 
        [
            356.329060914037, 
            536.2119593985725, 
            598.0
        ], 
        [
            332.5437523266827, 
            519.0906107397202, 
            598.0
        ], 
        [
            343.9583933051375, 
            490.0270365488918, 
            598.0
        ], 
        [
            330.2822637783977, 
            383.9527965939455, 
            598.0
        ], 
        [
            336.3347816537603, 
            413.0777398558049, 
            598.0000000000002
        ], 
        [
            339.03091682923707, 
            441.50404687240194, 
            598.0
        ], 
        [
            345.56198173680434, 
            465.995106632972, 
            598.0
        ], 
        [
            329.2733024160095, 
            349.7388259907193, 
            598.0
        ], 
        [
            352.28198826736275, 
            314.1660950302997, 
            598.0
        ], 
        [
            364.2733223064712, 
            287.2722766892538, 
            598.0
        ], 
        [
            384.2755895123155, 
            256.3989605248159, 
            598.0
        ], 
        [
            408.61503243503137, 
            243.63865291947764, 
            598.0
        ], 
        [
            433.46413900243215, 
            218.87777091129578, 
            598.0
        ], 
        [
            460.0248547697445, 
            200.1522517790316, 
            598.0
        ], 
        [
            484.01973839024106, 
            185.28851573195533, 
            598.0
        ], 
        [
            505.61330043849034, 
            171.85736795182225, 
            598.0
        ], 
        [
            522.5859483920333, 
            161.17927916205082, 
            598.0
        ], 
        [
            546.0198808906803, 
            153.55957030494795, 
            598.0
        ], 
        [
            1040.2345074861303, 
            221.24216302216428, 
            598.0
        ], 
        [
            1009.2392145994505, 
            230.91742223465639, 
            598.0
        ], 
        [
            996.9481921228904, 
            216.01196164864086, 
            598.0
        ], 
        [
            1017.8093926720285, 
            191.4685803269308, 
            598.0
        ], 
        [
            1027.2645950267172, 
            166.81921144639472, 
            598.0
        ], 
        [
            1031.1809631399929, 
            144.00673272606969, 
            598.0
        ], 
        [
            1025.3183836672072, 
            124.48102618905642, 
            598.0
        ], 
        [
            1010.9670939156003, 
            109.24186753272039, 
            598.0
        ], 
        [
            985.9876222946184, 
            98.37491683811629, 
            598.0000000000002
        ], 
        [
            963.5946629690357, 
            91.98140615777254, 
            598.0
        ], 
        [
            939.2126441364213, 
            88.05994754002148, 
            598.0000000000002
        ], 
        [
            908.441576876293, 
            86.92463531285296, 
            598.0
        ], 
        [
            882.1211579420004, 
            86.60562413945604, 
            598.0
        ], 
        [
            655.6386423539604, 
            117.42192491576367, 
            598.0
        ], 
        [
            624.791836395726, 
            126.68093698533863, 
            598.0
        ], 
        [
            599.3548690258667, 
            135.55605476778663, 
            598.0
        ], 
        [
            571.5990063282962, 
            145.79443138634383, 
            598.0
        ], 
        [
            757.492646527253, 
            94.81121821840998, 
            598.0
        ], 
        [
            731.2072252715741, 
            93.34459579073928, 
            598.0
        ], 
        [
            679.8061938494677, 
            107.53611013603626, 
            598.0
        ], 
        [
            702.8044606036827, 
            101.21088393274397, 
            598.0
        ], 
        [
            817.6524264338238, 
            91.44375616055459, 
            598.0
        ], 
        [
            853.7587340090961, 
            89.88133088515224, 
            598.0
        ], 
        [
            788.1080558970984, 
            92.51385374287167, 
            598.0
        ], 
        [
            1577.8541213050535, 
            298.73354739690194, 
            741.0
        ], 
        [
            1566.3795054023262, 
            321.12817350782984, 
            741.0
        ], 
        [
            1552.1052534260646, 
            342.3407274016598, 
            741.0
        ], 
        [
            1532.3142962680072, 
            360.98003722959675, 
            741.0
        ], 
        [
            1513.9257883306745, 
            381.0124603999037, 
            741.0
        ], 
        [
            1490.3534605889654, 
            393.23427516210535, 
            741.0
        ], 
        [
            1469.0094446105732, 
            404.2332876979349, 
            741.0
        ], 
        [
            1439.7827793110005, 
            404.6531998219311, 
            741.0
        ], 
        [
            1414.4079389833923, 
            412.9145731430043, 
            741.0
        ], 
        [
            1386.0402935420807, 
            417.19386604610713, 
            741.0
        ], 
        [
            1352.7621248755108, 
            420.0091705973884, 
            741.0
        ], 
        [
            1324.6424452698843, 
            424.25526222536536, 
            741.0
        ], 
        [
            1298.4910642444793, 
            424.69358330296683, 
            741.0
        ], 
        [
            1273.488613204838, 
            423.8827272936468, 
            741.0
        ], 
        [
            1257.345951095981, 
            436.1693084607195, 
            740.9999999999998
        ], 
        [
            1239.670454244611, 
            445.8491162053713, 
            741.0
        ], 
        [
            1215.3165144440904, 
            448.8547802009396, 
            741.0
        ], 
        [
            1204.8949139045444, 
            470.42218119467503, 
            741.0
        ], 
        [
            1188.7931073242414, 
            484.0898907878019, 
            741.0
        ], 
        [
            1159.6253565948036, 
            485.54439763901746, 
            741.0
        ], 
        [
            1132.1629215082778, 
            490.94485034102183, 
            741.0
        ], 
        [
            1104.9106370430463, 
            497.6310265610373, 
            741.0
        ], 
        [
            1080.1650561891715, 
            505.70056605825323, 
            741.0
        ], 
        [
            1056.616062983731, 
            513.806617389796, 
            741.0
        ], 
        [
            1026.8414091394354, 
            515.1251289188033, 
            741.0
        ], 
        [
            1002.7597734303074, 
            514.0852218915741, 
            741.0
        ], 
        [
            712.9124619699777, 
            653.0383339771157, 
            741.0
        ], 
        [
            687.5594447913979, 
            660.8564400439664, 
            741.0
        ], 
        [
            658.960294616976, 
            667.1170995271641, 
            741.0
        ], 
        [
            631.5052194128425, 
            678.7812608116819, 
            741.0
        ], 
        [
            598.6964837452778, 
            684.720724799688, 
            741.0
        ], 
        [
            563.8888139785497, 
            689.1571288324009, 
            741.0
        ], 
        [
            534.8823333586968, 
            684.5959869360518, 
            741.0
        ], 
        [
            506.14229837722286, 
            678.7463399933696, 
            740.9999999999998
        ], 
        [
            468.13458434360837, 
            672.3355266195108, 
            741.0000000000002
        ], 
        [
            440.11443614991845, 
            662.6698916405189, 
            740.9999999999998
        ], 
        [
            740.5564306838089, 
            646.6737386053458, 
            741.0
        ], 
        [
            771.837436320782, 
            649.8686767254334, 
            741.0000000000002
        ], 
        [
            821.1047357425208, 
            643.3743077422073, 
            741.0
        ], 
        [
            916.099712987313, 
            629.9863210575979, 
            741.0
        ], 
        [
            880.8846204039387, 
            634.7230477099087, 
            741.0
        ], 
        [
            850.3898987563513, 
            639.6986667450728, 
            741.0
        ], 
        [
            408.9103782050204, 
            659.3939463576734, 
            741.0
        ], 
        [
            371.6016364860546, 
            641.513204757345, 
            741.0
        ], 
        [
            364.1386493566528, 
            612.8745353375921, 
            741.0000000000002
        ], 
        [
            342.06368716991625, 
            592.622743719396, 
            741.0
        ], 
        [
            310.46191856977697, 
            583.344055213111, 
            741.0
        ], 
        [
            281.5747860097116, 
            569.3265265138033, 
            741.0
        ], 
        [
            269.20803939001627, 
            539.1411437222012, 
            741.0000000000002
        ], 
        [
            253.14911881910422, 
            509.2478812470632, 
            741.0
        ], 
        [
            267.45958180885054, 
            478.7605283217065, 
            741.0
        ], 
        [
            276.50936066787585, 
            451.9164422317463, 
            741.0
        ], 
        [
            278.83972162186365, 
            435.589515662573, 
            741.0
        ], 
        [
            274.1113287460092, 
            400.6501302595655, 
            741.0
        ], 
        [
            284.0217181926638, 
            373.5293357366037, 
            741.0
        ], 
        [
            296.4281596738308, 
            361.41774075987104, 
            741.0
        ], 
        [
            308.4705161077817, 
            341.4543678273281, 
            741.0
        ], 
        [
            305.42831621347887, 
            320.1455251159213, 
            741.0
        ], 
        [
            322.73228033326086, 
            303.91150001337115, 
            741.0
        ], 
        [
            341.938184574224, 
            286.6754401525743, 
            741.0
        ], 
        [
            358.24762062953084, 
            269.45122083006464, 
            740.9999999999998
        ], 
        [
            377.0320825771024, 
            256.68908036718796, 
            741.0
        ], 
        [
            1323.067323833115, 
            135.9716697321361, 
            741.0
        ], 
        [
            1294.5770754768687, 
            133.64028830803062, 
            741.0
        ], 
        [
            1272.0435972359103, 
            116.66125183947679, 
            741.0
        ], 
        [
            1243.0416329427517, 
            115.53946171205115, 
            741.0
        ], 
        [
            1208.9961221463798, 
            107.73680838851743, 
            741.0
        ], 
        [
            1180.1514884486378, 
            113.31983659658005, 
            741.0
        ], 
        [
            1159.0179330071185, 
            118.8841399266285, 
            741.0
        ], 
        [
            1131.5581555177262, 
            115.55115191909778, 
            741.0
        ], 
        [
            1109.4405868592617, 
            110.03388960127194, 
            741.0
        ], 
        [
            1083.107768988875, 
            103.46512673205757, 
            740.9999999999998
        ], 
        [
            1056.9006300907442, 
            95.86284298124224, 
            741.0000000000002
        ], 
        [
            1032.9382506293791, 
            87.24004859502134, 
            741.0
        ], 
        [
            1461.5588647822553, 
            160.68023769033675, 
            741.0
        ], 
        [
            1429.4304251757908, 
            150.06931096035328, 
            741.0
        ], 
        [
            1404.91772364676, 
            134.9886011651995, 
            741.0
        ], 
        [
            1368.319192905583, 
            128.05569252379075, 
            741.0
        ], 
        [
            1342.025281280538, 
            126.88535535351502, 
            741.0
        ], 
        [
            1553.9125284784072, 
            216.01742199003422, 
            741.0
        ], 
        [
            1527.3152802932477, 
            196.55583132221443, 
            741.0
        ], 
        [
            1495.3852501403985, 
            178.49839793823918, 
            741.0
        ], 
        [
            1577.9358019338483, 
            233.26763067104235, 
            741.0
        ], 
        [
            1591.7979512480729, 
            259.2013110308254, 
            741.0
        ], 
        [
            1592.0795514305548, 
            290.238871125717, 
            741.0
        ], 
        [
            976.0702627755121, 
            523.2865519226586, 
            741.0
        ], 
        [
            965.1090241550775, 
            547.5389247331652, 
            741.0
        ], 
        [
            963.731264648465, 
            580.4042150681493, 
            741.0
        ], 
        [
            933.4925620500096, 
            612.1395834286059, 
            741.0
        ], 
        [
            559.9439131043457, 
            144.9322542712419, 
            740.9999999999998
        ], 
        [
            533.6620134757881, 
            160.6734004473468, 
            741.0
        ], 
        [
            493.3105958238141, 
            169.97740385775103, 
            740.9999999999998
        ], 
        [
            465.790370734759, 
            192.08753619703788, 
            741.0
        ], 
        [
            433.0453176847079, 
            203.52061553143528, 
            741.0
        ], 
        [
            407.1361988623943, 
            227.89599562298207, 
            741.0
        ], 
        [
            734.186527906542, 
            98.68706175069303, 
            741.0
        ], 
        [
            994.6081744749067, 
            78.75470676020547, 
            741.0
        ], 
        [
            956.2880779691163, 
            78.91207995215387, 
            741.0
        ], 
        [
            889.736513919156, 
            79.18539429692316, 
            741.0
        ], 
        [
            817.0638684921495, 
            77.37874911982925, 
            741.0
        ], 
        [
            757.7406144535493, 
            90.21411229579797, 
            741.0
        ], 
        [
            787.4065619028639, 
            85.91234912609576, 
            741.0
        ], 
        [
            856.3175533052256, 
            79.32263947626092, 
            741.0
        ], 
        [
            706.6958680449413, 
            102.94311021989785, 
            741.0
        ], 
        [
            621.9419729004115, 
            122.94893632905502, 
            740.9999999999998
        ], 
        [
            659.8324796731264, 
            113.49783872958176, 
            741.0
        ], 
        [
            679.3270296412561, 
            109.28250990991575, 
            741.0
        ], 
        [
            588.0356369559394, 
            133.41932328876112, 
            741.0
        ], 
        [
            915.0335477930932, 
            75.89033416092013, 
            741.0
        ], 
        [
            1556.5228951342394, 
            264.85355500462265, 
            897.0
        ], 
        [
            1561.49828415119, 
            292.97614988183767, 
            897.0
        ], 
        [
            1559.6099192040033, 
            321.27504216767227, 
            897.0
        ], 
        [
            1544.5777922172297, 
            342.288703013173, 
            897.0
        ], 
        [
            1522.432888017096, 
            357.16513336912175, 
            897.0
        ], 
        [
            1509.7878875213953, 
            379.6721788289121, 
            897.0
        ], 
        [
            1479.8544047476344, 
            384.6396662682411, 
            897.0
        ], 
        [
            1460.8197784386732, 
            404.5889920427566, 
            897.0
        ], 
        [
            1430.9813056177472, 
            409.5058397246994, 
            897.0
        ], 
        [
            1406.6773750229856, 
            419.5041553611517, 
            897.0
        ], 
        [
            1378.6748027013216, 
            420.78684406496274, 
            897.0
        ], 
        [
            1351.2757673241142, 
            431.83492518143106, 
            897.0
        ], 
        [
            1331.0729117247433, 
            453.01354915206224, 
            897.0
        ], 
        [
            1307.0103176361995, 
            471.6391798978795, 
            897.0
        ], 
        [
            1279.0275493361203, 
            502.60474789146616, 
            897.0
        ], 
        [
            924.7184525523223, 
            648.9569289383288, 
            897.0
        ], 
        [
            960.4805003179451, 
            640.1729685380488, 
            897.0
        ], 
        [
            1001.3674749159566, 
            625.3679592426896, 
            897.0
        ], 
        [
            1019.8509285685681, 
            583.4612519121363, 
            897.0
        ], 
        [
            1005.9894706009965, 
            563.8787516585353, 
            897.0
        ], 
        [
            989.716548567954, 
            538.8697159338117, 
            897.0
        ], 
        [
            1257.339880321314, 
            562.579246068201, 
            897.0
        ], 
        [
            1273.1862216957654, 
            607.895481468128, 
            897.0
        ], 
        [
            1275.4609337091256, 
            582.8671994287513, 
            897.0
        ], 
        [
            990.3632926900161, 
            522.7269155705271, 
            897.0
        ], 
        [
            1252.8289280140948, 
            617.2001874720097, 
            897.0
        ], 
        [
            1023.2220075681427, 
            527.9575923897588, 
            897.0
        ], 
        [
            1081.1380067987677, 
            526.0041642702566, 
            897.0
        ], 
        [
            1052.2932626234665, 
            529.0151223263159, 
            897.0
        ], 
        [
            1202.284546088825, 
            518.4400939752189, 
            897.0
        ], 
        [
            1168.739306445268, 
            525.433803493986, 
            897.0
        ], 
        [
            1133.1731269547822, 
            521.1817589878348, 
            897.0
        ], 
        [
            1108.133555846639, 
            528.4750462504074, 
            897.0
        ], 
        [
            1237.2317675082793, 
            509.559335029469, 
            897.0
        ], 
        [
            347.112490604212, 
            535.3433574216203, 
            897.0
        ], 
        [
            357.8163595097674, 
            574.8151418841729, 
            897.0
        ], 
        [
            362.62224582415854, 
            605.8381032700609, 
            897.0
        ], 
        [
            382.4936932169127, 
            624.9591866172299, 
            897.0
        ], 
        [
            403.97644712514403, 
            634.3018568415739, 
            897.0
        ], 
        [
            387.6350713007025, 
            648.098713405063, 
            897.0
        ], 
        [
            353.1188621099967, 
            653.5922712727364, 
            897.0
        ], 
        [
            319.9649560388241, 
            657.2750424697242, 
            897.0
        ], 
        [
            298.2874204133913, 
            665.5045409468942, 
            897.0
        ], 
        [
            297.3544117863707, 
            689.5646106380893, 
            897.0
        ], 
        [
            303.5797353089733, 
            720.5343547206081, 
            897.0
        ], 
        [
            327.9350857185288, 
            729.537398795585, 
            897.0
        ], 
        [
            828.3822385914877, 
            666.2508067609599, 
            897.0
        ], 
        [
            798.5486800813278, 
            661.0593429641499, 
            897.0
        ], 
        [
            765.5042498657951, 
            664.5708012802314, 
            897.0
        ], 
        [
            734.4534365148729, 
            679.2042347915609, 
            897.0
        ], 
        [
            658.5395693336878, 
            690.9987435998822, 
            897.0
        ], 
        [
            626.1598500687086, 
            696.0294830189439, 
            897.0
        ], 
        [
            600.0401549501049, 
            709.8320530509537, 
            897.0
        ], 
        [
            561.4317138935205, 
            714.1921525552174, 
            897.0
        ], 
        [
            520.4153882988282, 
            722.1688215457801, 
            897.0
        ], 
        [
            454.49612579440577, 
            729.1541433480786, 
            897.0
        ], 
        [
            422.65470904997846, 
            743.7644361930503, 
            897.0
        ], 
        [
            395.25269015928814, 
            736.7321479103508, 
            897.0
        ], 
        [
            361.14351757420525, 
            735.5979712048166, 
            897.0
        ], 
        [
            485.6265272121735, 
            729.1753667909556, 
            897.0
        ], 
        [
            695.6584960526022, 
            685.2316877983811, 
            897.0
        ], 
        [
            888.3817283256942, 
            658.5776669620029, 
            897.0
        ], 
        [
            853.7682983013353, 
            663.9504834651306, 
            897.0
        ], 
        [
            1165.0549296395727, 
            84.26441880723239, 
            897.0
        ], 
        [
            1058.7807056316956, 
            74.44775720617038, 
            897.0
        ], 
        [
            990.7669591896395, 
            73.92694676281754, 
            897.0
        ], 
        [
            945.7733547780342, 
            74.09322300063886, 
            897.0
        ], 
        [
            908.4356118837293, 
            71.33007108165137, 
            897.0
        ], 
        [
            815.1498825986985, 
            83.46056914492564, 
            897.0
        ], 
        [
            777.3867033185384, 
            93.43690479108537, 
            897.0
        ], 
        [
            737.949546905467, 
            102.13566434870286, 
            897.0
        ], 
        [
            701.0099740675181, 
            124.49459863451483, 
            897.0
        ], 
        [
            664.8853650742872, 
            141.96876781253258, 
            897.0
        ], 
        [
            624.5381030229356, 
            152.34258695333617, 
            897.0
        ], 
        [
            592.8755668984962, 
            167.40533988020272, 
            897.0
        ], 
        [
            533.0039839562038, 
            198.417544002566, 
            897.0
        ], 
        [
            513.5094424145619, 
            220.63408379223227, 
            897.0
        ], 
        [
            490.0278214499643, 
            246.67346693078775, 
            897.0
        ], 
        [
            462.5672660481299, 
            276.52716171266735, 
            897.0
        ], 
        [
            434.15106415320133, 
            300.2693017071038, 
            897.0
        ], 
        [
            381.2084943691108, 
            332.9335384108533, 
            897.0
        ], 
        [
            351.6575044322371, 
            358.3689120361249, 
            897.0
        ], 
        [
            360.8739364448412, 
            388.10372951809484, 
            897.0
        ], 
        [
            348.34564647418335, 
            415.3397102486298, 
            897.0
        ], 
        [
            314.9561943873031, 
            421.8264292162728, 
            897.0
        ], 
        [
            314.83252546316515, 
            474.4229714535097, 
            897.0
        ], 
        [
            329.42269433523046, 
            509.8127724986391, 
            897.0
        ], 
        [
            1533.6261040074205, 
            245.4686181495827, 
            897.0
        ], 
        [
            1507.9101349111238, 
            220.049325240474, 
            897.0
        ], 
        [
            1499.6765818766546, 
            188.46904059040128, 
            897.0
        ], 
        [
            1466.5997085490903, 
            167.8374081130827, 
            897.0
        ], 
        [
            1425.8565900808285, 
            150.29142990229474, 
            897.0
        ], 
        [
            1395.663578846415, 
            142.45668260184698, 
            897.0
        ], 
        [
            1365.574499860686, 
            134.64890455261065, 
            897.0
        ], 
        [
            1346.8837309249911, 
            124.89121512502723, 
            897.0
        ], 
        [
            1316.2963907721187, 
            122.12428253342154, 
            897.0
        ], 
        [
            1276.9096250572068, 
            107.97525452796293, 
            897.0
        ], 
        [
            1243.7283085133045, 
            99.28497094419983, 
            897.0
        ], 
        [
            1211.9623354232535, 
            88.7883817934522, 
            897.0
        ], 
        [
            1188.7029603355913, 
            96.13730418444811, 
            897.0
        ], 
        [
            1096.993164259944, 
            78.78470455247823, 
            897.0
        ], 
        [
            1133.4832420676112, 
            81.87142448476615, 
            897.0
        ], 
        [
            1030.1088471626763, 
            68.44027848582864, 
            897.0
        ], 
        [
            852.3143878278163, 
            78.31510087204198, 
            897.0
        ], 
        [
            879.7854905019158, 
            71.76801235297201, 
            897.0
        ], 
        [
            410.51609397757966, 
            315.3353382174138, 
            897.0
        ], 
        [
            570.3051648045221, 
            180.82453741199805, 
            897.0
        ], 
        [
            303.8538968719537, 
            447.30068366446744, 
            897.0
        ], 
        [
            1218.9232103608556, 
            622.1108679799631, 
            897.0
        ], 
        [
            1175.9599887126933, 
            613.5119714794203, 
            897.0
        ], 
        [
            1135.1890348009651, 
            593.5313851295491, 
            897.0
        ], 
        [
            1155.4436167274944, 
            570.5630186776434, 
            897.0
        ], 
        [
            1196.1665554515646, 
            560.9935481890863, 
            897.0
        ], 
        [
            1227.8779694134616, 
            558.3553931528045, 
            897.0
        ], 
        [
            1013.293085374, 
            606.2406094723952, 
            897.0
        ], 
        [
            1414.419877895582, 
            640.3367768952255, 
            1053.0
        ], 
        [
            1375.1681543276386, 
            673.3671498387248, 
            1053.0
        ], 
        [
            1329.5495357234531, 
            704.2017926478842, 
            1053.0
        ], 
        [
            1275.4523080946828, 
            704.7785418291446, 
            1053.0
        ], 
        [
            1214.8877661888519, 
            696.7682554822067, 
            1053.0
        ], 
        [
            1160.8216347571968, 
            693.0181286985433, 
            1053.0
        ], 
        [
            1108.9161089857666, 
            687.0804900494462, 
            1053.0
        ], 
        [
            1052.656273603302, 
            676.8574237727005, 
            1053.0
        ], 
        [
            1013.6245372225704, 
            662.1068563885298, 
            1053.0
        ], 
        [
            968.2246770908356, 
            660.4332714823922, 
            1053.0
        ], 
        [
            899.3328489445938, 
            676.3516008524945, 
            1053.0
        ], 
        [
            686.4278170345982, 
            698.108476587125, 
            1053.0
        ], 
        [
            723.0464607906106, 
            699.875226267526, 
            1053.0
        ], 
        [
            768.1557491680736, 
            695.0709460773719, 
            1053.0
        ], 
        [
            871.4555723892067, 
            687.4737807678861, 
            1053.0
        ], 
        [
            834.9577645110363, 
            696.5147182448316, 
            1053.0
        ], 
        [
            794.0348075961074, 
            696.9538303907832, 
            1053.0
        ], 
        [
            645.7278709132013, 
            705.0204244385222, 
            1053.0
        ], 
        [
            605.4609329209711, 
            727.0060323096136, 
            1053.0
        ], 
        [
            561.1742245335795, 
            755.4331054018094, 
            1053.0
        ], 
        [
            525.3158372061412, 
            775.1221750077223, 
            1053.0
        ], 
        [
            1399.4266724255604, 
            605.630320953451, 
            1053.0
        ], 
        [
            1366.9144939721273, 
            584.1531324363082, 
            1053.0
        ], 
        [
            1336.5181532111947, 
            566.9990659769999, 
            1053.0
        ], 
        [
            1299.5391713772485, 
            558.6639536667554, 
            1053.0
        ], 
        [
            1266.8988454896157, 
            554.6575076427939, 
            1053.0
        ], 
        [
            491.5996559970148, 
            792.6107684145124, 
            1053.0
        ], 
        [
            455.80648681587707, 
            810.0903677068967, 
            1053.0
        ], 
        [
            426.76436490954575, 
            836.0060761979825, 
            1053.0
        ], 
        [
            390.80525702971465, 
            844.8928536924199, 
            1053.0
        ], 
        [
            337.68767115567454, 
            849.6821514723002, 
            1053.0
        ], 
        [
            281.90284132386665, 
            839.5872569607232, 
            1053.0
        ], 
        [
            253.35638985447423, 
            818.5490117535369, 
            1053.0
        ], 
        [
            334.5254857691459, 
            473.4658616530316, 
            1053.0
        ], 
        [
            320.7780484772835, 
            510.8967803663436, 
            1053.0
        ], 
        [
            328.1472801243003, 
            534.8653196748005, 
            1053.0
        ], 
        [
            361.5265141392782, 
            562.8511424849079, 
            1053.0
        ], 
        [
            383.7687866714489, 
            582.2036510020291, 
            1053.0
        ], 
        [
            387.05815282750785, 
            614.7772377850767, 
            1053.0
        ], 
        [
            357.3312790950894, 
            625.9594164667908, 
            1053.0
        ], 
        [
            314.9142261674211, 
            641.6015239368606, 
            1053.0
        ], 
        [
            266.30432360232174, 
            661.6104637811919, 
            1053.0
        ], 
        [
            239.48402191597086, 
            687.8148461845504, 
            1053.0
        ], 
        [
            215.4978884840936, 
            728.9829394135025, 
            1053.0
        ], 
        [
            240.86340452799965, 
            773.7773232853002, 
            1053.0
        ], 
        [
            1325.9611930512663, 
            459.4134872299233, 
            1053.0
        ], 
        [
            1358.8315706672934, 
            441.3439885154418, 
            1053.0
        ], 
        [
            1372.1339013937243, 
            405.75316492863925, 
            1053.0
        ], 
        [
            1295.3204122419008, 
            484.03600769569454, 
            1053.0
        ], 
        [
            1258.2107084621325, 
            502.08276581483693, 
            1053.0
        ], 
        [
            1227.7008818928728, 
            517.8247500328321, 
            1053.0
        ], 
        [
            1195.0571779491584, 
            531.3740214300151, 
            1053.0
        ], 
        [
            1240.783532504848, 
            544.0023097373461, 
            1053.0
        ], 
        [
            554.4087483498621, 
            199.73551273345583, 
            1053.0
        ], 
        [
            522.3204589218445, 
            227.08840621401146, 
            1053.0
        ], 
        [
            494.6824694159471, 
            254.316159769639, 
            1053.0
        ], 
        [
            449.01399742557413, 
            261.61938627856546, 
            1053.0
        ], 
        [
            437.0680073218083, 
            297.47163986657466, 
            1053.0
        ], 
        [
            403.09021002793264, 
            324.60979916005505, 
            1053.0
        ], 
        [
            365.47512739841846, 
            369.45450774621224, 
            1053.0
        ], 
        [
            351.5398831992125, 
            405.00528919229004, 
            1053.0
        ], 
        [
            335.2385650250647, 
            433.8731442444957, 
            1053.0
        ], 
        [
            1222.9306661338826, 
            138.82625465794308, 
            1053.0
        ], 
        [
            1300.3386801611596, 
            153.61078141489838, 
            1053.0
        ], 
        [
            1335.6469417256055, 
            180.24849455351352, 
            1053.0
        ], 
        [
            1375.2995932523347, 
            209.0332360634144, 
            1053.0
        ], 
        [
            1414.9356179083452, 
            228.76796409318604, 
            1053.0
        ], 
        [
            1432.3578727440718, 
            262.2379601593738, 
            1053.0
        ], 
        [
            1447.516322673804, 
            297.8908263659269, 
            1053.0
        ], 
        [
            1427.4890384288005, 
            327.19716222778226, 
            1053.0
        ], 
        [
            1403.06470495014, 
            365.38840544585236, 
            1053.0
        ], 
        [
            1396.3220444234526, 
            392.1430321236272, 
            1053.0
        ], 
        [
            972.9237874788714, 
            103.75254610242541, 
            1053.0
        ], 
        [
            1025.8978561349147, 
            96.21129890648922, 
            1053.0
        ], 
        [
            1061.3650156147694, 
            107.06234569331104, 
            1053.0
        ], 
        [
            1105.591894746713, 
            106.44998232069236, 
            1053.0
        ], 
        [
            1132.1804072442853, 
            115.15333101193221, 
            1053.0
        ], 
        [
            1178.6567360518027, 
            121.31308537921029, 
            1053.0
        ], 
        [
            1262.7486417207967, 
            138.28211642447866, 
            1053.0
        ], 
        [
            710.6915904168611, 
            120.96895962687711, 
            1053.0
        ], 
        [
            754.5163967745183, 
            109.04661397373161, 
            1053.0
        ], 
        [
            796.3984361470353, 
            108.46621296834223, 
            1053.0
        ], 
        [
            836.019171906762, 
            103.38527966209904, 
            1053.0
        ], 
        [
            873.4971571848662, 
            100.59801136979729, 
            1053.0
        ], 
        [
            919.8007479268376, 
            95.41833517816985, 
            1053.0
        ], 
        [
            591.0838128761094, 
            176.75601622157285, 
            1053.0
        ], 
        [
            625.6418317785419, 
            153.75631221124524, 
            1053.0
        ], 
        [
            669.1262779214223, 
            132.84485274680378, 
            1053.0
        ], 
        [
            1343.2275831129095, 
            295.1758459996753, 
            1260.0
        ], 
        [
            1334.7637884949734, 
            329.1202807741388, 
            1260.0
        ], 
        [
            1311.8027331156522, 
            365.25415877838117, 
            1260.0
        ], 
        [
            1282.7040011631052, 
            403.4452162582063, 
            1260.0
        ], 
        [
            1241.3219125864998, 
            424.91598048748824, 
            1260.0
        ], 
        [
            1185.5835097344718, 
            444.4257497700858, 
            1260.0
        ], 
        [
            1152.5949103408668, 
            451.09541206663016, 
            1260.0
        ], 
        [
            1008.3374170544007, 
            450.7677162407352, 
            1260.0
        ], 
        [
            967.0951880366264, 
            445.0102551792096, 
            1260.0
        ], 
        [
            874.1228091737082, 
            421.0847555708501, 
            1260.0
        ], 
        [
            816.3138195770865, 
            411.34503631709975, 
            1260.0
        ], 
        [
            762.356301112237, 
            388.98853155843625, 
            1260.0
        ], 
        [
            716.2901161606469, 
            353.89983465703654, 
            1260.0
        ], 
        [
            695.0126511684883, 
            324.7205374749804, 
            1260.0
        ], 
        [
            687.3670270872669, 
            261.46477127542306, 
            1260.0
        ], 
        [
            709.3287827853569, 
            225.11639619047457, 
            1260.0
        ], 
        [
            735.6481938728335, 
            194.98076189588107, 
            1260.0
        ], 
        [
            772.4762960625054, 
            166.7515598277971, 
            1260.0
        ], 
        [
            880.1559233038149, 
            133.17187485052239, 
            1260.0
        ], 
        [
            1332.9778935568722, 
            259.2555389193653, 
            1260.0
        ], 
        [
            1312.241183720024, 
            231.8889466033226, 
            1260.0
        ], 
        [
            1285.237356079032, 
            187.47027268978695, 
            1260.0
        ], 
        [
            1251.8496072665673, 
            164.40698472088786, 
            1260.0
        ], 
        [
            1207.9645633159887, 
            150.02504097370365, 
            1260.0
        ], 
        [
            1034.4670114622852, 
            126.7220115016479, 
            1260.0
        ], 
        [
            959.2831061148488, 
            123.48776743600865, 
            1260.0
        ], 
        [
            849.1089956563967, 
            146.4512755553909, 
            1260.0
        ], 
        [
            813.9083106076532, 
            157.6328327087033, 
            1260.0
        ], 
        [
            917.5616180255578, 
            124.07399172353121, 
            1260.0
        ], 
        [
            994.6973829398248, 
            116.552746499965, 
            1260.0
        ], 
        [
            1095.013424378521, 
            121.58063485844991, 
            1260.0
        ], 
        [
            1149.3940309529605, 
            129.4018364196072, 
            1260.0
        ], 
        [
            1111.3711552730686, 
            453.68559846960204, 
            1260.0
        ], 
        [
            1076.3259118666062, 
            452.02539189638446, 
            1260.0
        ], 
        [
            1043.3481095729871, 
            450.34040506478163, 
            1260.0
        ], 
        [
            938.200415780517, 
            439.1007986277153, 
            1260.0
        ], 
        [
            903.036836651625, 
            426.99865734228376, 
            1260.0
        ], 
        [
            1009.8842190961259, 
            612.4091404225314, 
            1260.0
        ], 
        [
            926.2159603795691, 
            623.6365527751452, 
            1260.0
        ], 
        [
            850.8239099743672, 
            632.6996499785621, 
            1260.0
        ], 
        [
            777.5860338287595, 
            641.7259866825844, 
            1260.0
        ], 
        [
            702.5647671213007, 
            656.9039075028286, 
            1260.0
        ], 
        [
            619.3051450012831, 
            661.9176013793389, 
            1260.0
        ], 
        [
            580.6476806299806, 
            660.298795633395, 
            1260.0
        ], 
        [
            535.8475443366335, 
            656.7026603357201, 
            1260.0
        ], 
        [
            502.10138787248286, 
            681.5979624445279, 
            1260.0
        ], 
        [
            489.33983445860815, 
            726.5565992626676, 
            1260.0
        ], 
        [
            478.64858396410943, 
            771.3148106027957, 
            1260.0
        ], 
        [
            455.90870473168934, 
            816.0189339264283, 
            1260.0
        ], 
        [
            416.75301472444033, 
            848.642955570985, 
            1260.0
        ], 
        [
            353.40649062160213, 
            875.3840661400501, 
            1260.0
        ], 
        [
            293.7683981903661, 
            890.0004165096607, 
            1260.0
        ], 
        [
            251.5876722302325, 
            888.4100385116582, 
            1260.0
        ], 
        [
            204.1659492237169, 
            858.8013329987085, 
            1260.0
        ], 
        [
            173.88650961315517, 
            810.8309401933493, 
            1260.0
        ], 
        [
            178.17420412395546, 
            772.4273373181961, 
            1260.0
        ], 
        [
            188.34310903347796, 
            729.772536609049, 
            1260.0
        ], 
        [
            210.9430222785321, 
            692.9314002085724, 
            1260.0
        ], 
        [
            235.81875292886048, 
            660.0256770069062, 
            1260.0
        ], 
        [
            449.486966902739, 
            503.27140915449604, 
            1260.0
        ], 
        [
            421.24181497152443, 
            513.9685143114082, 
            1260.0
        ], 
        [
            399.9699297458648, 
            547.3069506956415, 
            1260.0
        ], 
        [
            378.1537337969664, 
            564.0689368565991, 
            1260.0
        ], 
        [
            347.9176302891981, 
            572.6644744779342, 
            1260.0
        ], 
        [
            317.9558760837031, 
            587.4217047868387, 
            1260.0
        ], 
        [
            286.17596690692443, 
            606.2856952432121, 
            1260.0
        ], 
        [
            258.3423609939578, 
            620.9689219523611, 
            1260.0
        ], 
        [
            474.15032706731427, 
            507.1224695234587, 
            1260.0
        ], 
        [
            496.6351391668935, 
            506.85409667933084, 
            1260.0
        ], 
        [
            496.10728000799344, 
            490.26604870249696, 
            1260.0
        ], 
        [
            472.85789942870053, 
            467.6924415369255, 
            1260.0
        ], 
        [
            457.9725300205534, 
            451.2258687518784, 
            1260.0
        ], 
        [
            473.81633787324205, 
            434.3603449868949, 
            1260.0
        ], 
        [
            477.2383096345453, 
            413.444576677542, 
            1260.0
        ], 
        [
            514.3116138400005, 
            417.1634716335176, 
            1260.0
        ], 
        [
            543.2363144836968, 
            423.0713166376672, 
            1260.0
        ], 
        [
            566.1165036872409, 
            433.2256433703666, 
            1260.0
        ], 
        [
            592.6235358147807, 
            426.63800310113925, 
            1260.0
        ], 
        [
            617.2085056512226, 
            424.24675790331673, 
            1260.0
        ], 
        [
            658.1015634942122, 
            661.5350747453534, 
            1260.0
        ], 
        [
            745.3772136817987, 
            650.3172337130982, 
            1260.0
        ], 
        [
            810.414315180173, 
            641.384000988744, 
            1260.0
        ], 
        [
            885.8051685794536, 
            636.4297865381061, 
            1260.0
        ], 
        [
            963.1720993836088, 
            619.1144249115412, 
            1260.0
        ], 
        [
            1022.3302472320146, 
            606.0915780444739, 
            1260.0
        ], 
        [
            1053.0366768266363, 
            607.8006725091169, 
            1260.0
        ], 
        [
            1361.9934672139088, 
            698.775299934747, 
            1260.0
        ], 
        [
            1325.2286131576627, 
            693.0390478077557, 
            1260.0
        ], 
        [
            1286.428483655003, 
            679.131522007397, 
            1260.0
        ], 
        [
            1247.5950436065282, 
            669.3135068424301, 
            1260.0
        ], 
        [
            1210.7929232614247, 
            663.57047667284, 
            1260.0
        ], 
        [
            1173.9659154518022, 
            651.6699485926443, 
            1260.0
        ], 
        [
            1139.1955822673128, 
            647.953296104404, 
            1260.0
        ], 
        [
            1114.5759946551068, 
            631.7943204558098, 
            1260.0
        ], 
        [
            1096.1186942613576, 
            623.7772853008282, 
            1260.0
        ], 
        [
            1073.5600899314659, 
            615.802573831364, 
            1260.0
        ], 
        [
            1534.1405088093966, 
            672.2919193697517, 
            1260.0
        ], 
        [
            1509.315964266364, 
            693.0670273138525, 
            1260.0
        ], 
        [
            1482.537489329009, 
            709.7329865523105, 
            1260.0
        ], 
        [
            1441.6211358743226, 
            712.222891557693, 
            1260.0
        ], 
        [
            1410.96021383067, 
            712.5563385786888, 
            1260.0
        ], 
        [
            1382.38770239624, 
            706.7342248327866, 
            1260.0
        ], 
        [
            1458.002817829144, 
            482.8770442104994, 
            1260.0
        ], 
        [
            1478.4874107962537, 
            499.2999083327479, 
            1260.0
        ], 
        [
            1511.27693005341, 
            519.7152005043507, 
            1260.0
        ], 
        [
            1537.835065939536, 
            540.1734322425896, 
            1260.0
        ], 
        [
            1541.5650505954573, 
            571.2196485440702, 
            1260.0
        ], 
        [
            1545.2588906507276, 
            604.2496560690663, 
            1260.0
        ], 
        [
            1546.91604946717, 
            635.1522246056353, 
            1260.0
        ], 
        [
            1427.1164492857358, 
            472.8203391994923, 
            1260.0
        ], 
        [
            1398.2232639510548, 
            471.0821820085117, 
            1260.0
        ], 
        [
            1095.222059848222, 
            483.06628208538206, 
            1260.0
        ], 
        [
            1130.210792118072, 
            482.64581055797487, 
            1260.0
        ], 
        [
            1163.130537406764, 
            476.00083397712837, 
            1260.0
        ], 
        [
            1196.0740448482388, 
            467.2649307502282, 
            1260.0
        ], 
        [
            1226.9922846869201, 
            462.7188179300583, 
            1260.0
        ], 
        [
            1262.0556492494964, 
            460.2071395277389, 
            1260.0
        ], 
        [
            1292.9926754096678, 
            466.093297149565, 
            1260.0
        ], 
        [
            1315.7015250156992, 
            461.6446127516792, 
            1260.0
        ], 
        [
            1344.6002469219861, 
            461.29466998804804, 
            1260.0
        ], 
        [
            1367.2797061946185, 
            467.2823066165234, 
            1260.0
        ], 
        [
            733.0118623345141, 
            456.2049726816976, 
            1260.0
        ], 
        [
            765.6993141714347, 
            447.4680292925656, 
            1260.0
        ], 
        [
            786.1257739923608, 
            440.95974449026545, 
            1260.0
        ], 
        [
            812.8135133121141, 
            438.5457291832644, 
            1260.0
        ], 
        [
            843.6981611261801, 
            440.2549235333599, 
            1260.0
        ], 
        [
            843.3426094499848, 
            419.3665319978392, 
            1260.0
        ], 
        [
            856.1770244086725, 
            448.4494104115336, 
            1260.0
        ], 
        [
            787.5336766550956, 
            407.5054786526917, 
            1260.0
        ], 
        [
            731.4683157560459, 
            385.16429778879683, 
            1260.0
        ], 
        [
            673.6512943445184, 
            293.31537586059414, 
            1260.0
        ], 
        [
            683.2498092064702, 
            435.96017674875833, 
            1260.0
        ], 
        [
            642.0705493070396, 
            432.29189446984657, 
            1260.0
        ], 
        [
            712.2461767841821, 
            446.03562303371797, 
            1260.0
        ], 
        [
            986.0791388539469, 
            471.88668284693836, 
            1260.0
        ], 
        [
            1025.1833437429361, 
            473.4975466534339, 
            1260.0
        ], 
        [
            1058.1551698031099, 
            479.3479937525354, 
            1260.0
        ], 
        [
            930.3407739793967, 
            455.8888907726094, 
            1260.0
        ], 
        [
            889.0825141648309, 
            448.04791839010585, 
            1260.0
        ], 
        [
            955.1564182506787, 
            466.0105550062945, 
            1260.0
        ], 
        [
            1057.8613464658786, 
            294.4095936754695, 
            1403.0
        ], 
        [
            1019.3859241634601, 
            321.3137929025382, 
            1403.0
        ], 
        [
            972.8435612044804, 
            335.091034551783, 
            1403.0
        ], 
        [
            926.2522234424184, 
            338.98908709870017, 
            1402.9999999999998
        ], 
        [
            889.6406907206361, 
            360.7991819950775, 
            1403.0
        ], 
        [
            846.4136614519069, 
            366.2736419668914, 
            1403.0
        ], 
        [
            806.1625472063665, 
            358.604739034669, 
            1403.0000000000002
        ], 
        [
            765.9340932206902, 
            352.57193333005915, 
            1403.0
        ], 
        [
            733.262251011439, 
            328.37901585061036, 
            1402.9999999999998
        ], 
        [
            702.3414658881933, 
            312.34081216475863, 
            1403.0
        ], 
        [
            701.3765259781264, 
            276.0693143558677, 
            1403.0
        ], 
        [
            706.8552883894031, 
            239.56633216614568, 
            1403.0
        ], 
        [
            685.0384872792251, 
            208.29326569094314, 
            1403.0
        ], 
        [
            692.4814872848608, 
            184.85490521234442, 
            1403.0
        ], 
        [
            732.2817925865913, 
            159.2208906656963, 
            1403.0
        ], 
        [
            777.0401042131036, 
            131.75586759135285, 
            1403.0
        ], 
        [
            819.2078903584805, 
            129.46790869973654, 
            1403.0
        ], 
        [
            851.7504217647029, 
            132.35796575227084, 
            1403.0
        ], 
        [
            877.7401426575157, 
            131.98335451040225, 
            1403.0
        ], 
        [
            987.0000095264719, 
            160.61813874022857, 
            1402.9999999999998
        ], 
        [
            959.2242702120845, 
            147.60114937419075, 
            1403.0
        ], 
        [
            1062.2577895719587, 
            231.35408311716617, 
            1403.0000000000002
        ], 
        [
            1042.5149241546426, 
            193.29179880567528, 
            1403.0
        ], 
        [
            1018.0243423495374, 
            176.92098099389443, 
            1403.0
        ], 
        [
            1059.2594576332006, 
            264.60440821235227, 
            1403.0
        ], 
        [
            403.07875781770974, 
            709.8789996611554, 
            1403.0
        ], 
        [
            367.75718886851354, 
            728.5349334024594, 
            1403.0
        ], 
        [
            346.76138965205007, 
            778.0122252589352, 
            1403.0
        ], 
        [
            346.9399916583514, 
            825.2867468251793, 
            1403.0
        ], 
        [
            342.3928957386364, 
            865.3815538717315, 
            1402.9999999999998
        ], 
        [
            337.84061458338306, 
            903.0823239093875, 
            1403.0000000000002
        ], 
        [
            321.57609208180907, 
            942.9034983330446, 
            1403.0
        ], 
        [
            289.008903979331, 
            991.7489820088703, 
            1403.0
        ], 
        [
            249.41586023167878, 
            1007.4101691237371, 
            1403.0
        ], 
        [
            205.25139238018107, 
            1008.8553155383479, 
            1403.0
        ], 
        [
            142.70395937061096, 
            998.2231430409538, 
            1403.0
        ], 
        [
            110.33576992459672, 
            981.2250886694741, 
            1403.0
        ], 
        [
            75.6375206367417, 
            943.2252813809181, 
            1402.9999999999998
        ], 
        [
            77.6478297227959, 
            889.5699853263015, 
            1403.0
        ], 
        [
            77.34815115996213, 
            833.5032685089711, 
            1403.0
        ], 
        [
            97.67732226968388, 
            761.2443067307969, 
            1403.0
        ], 
        [
            104.26279972091993, 
            698.0722442054688, 
            1403.0
        ], 
        [
            138.56168344456285, 
            630.2642180616793, 
            1403.0
        ], 
        [
            184.71757986002933, 
            588.1324245969936, 
            1403.0
        ], 
        [
            226.47212741710513, 
            559.9663916346685, 
            1403.0
        ], 
        [
            120.23591349402571, 
            663.018839488471, 
            1403.0
        ], 
        [
            88.67552386090239, 
            800.9188018509402, 
            1402.9999999999998
        ], 
        [
            463.9802005285902, 
            488.9772529856278, 
            1403.0
        ], 
        [
            395.28815073485157, 
            508.04832012254616, 
            1403.0
        ], 
        [
            312.8868049770281, 
            524.630931861929, 
            1403.0
        ], 
        [
            988.4578464987312, 
            617.4736975605591, 
            1403.0
        ], 
        [
            677.6476043392574, 
            613.7382244196878, 
            1403.0
        ], 
        [
            740.6490814838676, 
            611.5957269173024, 
            1403.0
        ], 
        [
            796.6542512637204, 
            614.2377799095976, 
            1403.0
        ], 
        [
            894.6433037172746, 
            604.9614763212654, 
            1402.9999999999998
        ], 
        [
            436.1093649814351, 
            681.6455146681836, 
            1403.0
        ], 
        [
            495.4277126941955, 
            660.6255565288304, 
            1403.0
        ], 
        [
            552.6667871475431, 
            644.2623297440177, 
            1403.0
        ], 
        [
            622.2081158342977, 
            627.8773303990486, 
            1403.0
        ], 
        [
            1193.5815671133191, 
            363.12557200720215, 
            1403.0
        ], 
        [
            1155.8188590709535, 
            351.0713076941843, 
            1403.0
        ], 
        [
            1055.6252425776834, 
            359.02943125076206, 
            1403.0
        ], 
        [
            981.0035274020752, 
            369.2213999659373, 
            1402.9999999999998
        ], 
        [
            936.4461077064598, 
            376.7667284628109, 
            1403.0
        ], 
        [
            894.5194063933643, 
            396.41298902497726, 
            1403.0
        ], 
        [
            835.5723788577639, 
            413.63156820368766, 
            1403.0
        ], 
        [
            784.2174103589982, 
            418.66084048195, 
            1403.0000000000002
        ], 
        [
            718.5428582164908, 
            450.2267720539353, 
            1403.0
        ], 
        [
            636.2622755672982, 
            440.8148818827442, 
            1402.9999999999998
        ], 
        [
            583.2687484376272, 
            419.38830862479574, 
            1403.0
        ], 
        [
            549.7537158397238, 
            443.44618538904786, 
            1403.0000000000002
        ], 
        [
            502.0188378592742, 
            467.4565533680977, 
            1403.0
        ], 
        [
            355.1988974353883, 
            517.5405080714194, 
            1403.0
        ], 
        [
            263.7662333467269, 
            545.8681105490147, 
            1403.0
        ], 
        [
            433.148959915274, 
            500.9055368200882, 
            1403.0
        ], 
        [
            674.9254987860647, 
            450.32989405595515, 
            1403.0
        ], 
        [
            752.5493169741055, 
            433.2557879062267, 
            1403.0
        ], 
        [
            1155.4424482382738, 
            759.991690309209, 
            1403.0
        ], 
        [
            1105.402601800205, 
            703.4044128986819, 
            1402.9999999999998
        ], 
        [
            1048.0635375659053, 
            627.4750752619111, 
            1403.0
        ], 
        [
            1329.755706925865, 
            749.4151026013276, 
            1403.0
        ], 
        [
            1291.6017687043336, 
            783.4378109546225, 
            1403.0
        ], 
        [
            1228.3448366198277, 
            804.7983354718176, 
            1402.9999999999998
        ], 
        [
            1317.5483436472532, 
            478.41287627089906, 
            1403.0
        ], 
        [
            1266.8423713666411, 
            419.3769050956126, 
            1403.0
        ], 
        [
            1363.1569743046743, 
            611.6817763652535, 
            1403.0
        ], 
        [
            1342.894772626562, 
            542.5498320350189, 
            1403.0
        ], 
        [
            1352.7742677696583, 
            697.9102940179587, 
            1403.0
        ], 
        [
            1082.9477391231699, 
            659.3470587467602, 
            1403.0
        ], 
        [
            1127.9007606775922, 
            727.991223004271, 
            1403.0
        ], 
        [
            1180.5256659234517, 
            787.1332044134869, 
            1403.0
        ], 
        [
            931.594366682516, 
            612.3788513453508, 
            1403.0
        ], 
        [
            840.6549413778705, 
            612.0058812279967, 
            1403.0
        ], 
        [
            1263.712693185239, 
            802.7570071188186, 
            1403.0
        ], 
        [
            1357.9452027722677, 
            663.4436554623593, 
            1403.0
        ], 
        [
            1108.1323997192303, 
            346.46862755075836, 
            1403.0
        ], 
        [
            1013.2844751172984, 
            364.1616736688316, 
            1403.0
        ], 
        [
            1231.4347257913405, 
            387.5184871602307, 
            1403.0
        ], 
        [
            1292.1702476189043, 
            451.33536824778844, 
            1403.0
        ], 
        [
            1327.6755452321424, 
            508.0046661755233, 
            1403.0
        ], 
        [
            1355.564464968591, 
            582.0501946853258, 
            1403.0
        ], 
        [
            1013.8692901685796, 
            191.94527008934898, 
            1519.9999999999998
        ], 
        [
            965.5264430214694, 
            221.035333198309, 
            1520.0
        ], 
        [
            919.7863302670497, 
            231.04142104061765, 
            1520.0
        ], 
        [
            828.8036618758655, 
            217.92417398092093, 
            1520.0000000000002
        ], 
        [
            890.9878175823212, 
            236.0969672149626, 
            1520.0
        ], 
        [
            866.9974451428036, 
            170.20766251046138, 
            1520.0
        ], 
        [
            924.5722126821281, 
            159.93101140012695, 
            1520.0
        ], 
        [
            977.5937586409091, 
            168.6728012899668, 
            1520.0000000000002
        ], 
        [
            855.0864171568812, 
            241.21902148582097, 
            1520.0
        ], 
        [
            1232.9681052432636, 
            727.0627366298977, 
            1520.0
        ], 
        [
            1176.632425481502, 
            676.6159110685182, 
            1520.0
        ], 
        [
            1140.0455871050312, 
            609.8200255835733, 
            1520.0
        ], 
        [
            1098.6380180935294, 
            585.9105538050297, 
            1520.0000000000002
        ], 
        [
            461.8771583046623, 
            602.9988016689349, 
            1520.0
        ], 
        [
            367.2508210203599, 
            703.3241623793889, 
            1520.0
        ], 
        [
            351.41007790036974, 
            749.1593883054767, 
            1519.9999999999998
        ], 
        [
            337.91599236792393, 
            804.1152412497879, 
            1520.0
        ], 
        [
            324.4729930460807, 
            865.8476021551071, 
            1520.0
        ], 
        [
            288.22331546534417, 
            901.907478519574, 
            1519.9999999999998
        ], 
        [
            334.2643424423436, 
            445.3604684953303, 
            1520.0
        ], 
        [
            263.7274239556011, 
            475.41195962803187, 
            1520.0
        ], 
        [
            211.67242570201967, 
            496.1083709005085, 
            1520.0
        ], 
        [
            166.64877188840882, 
            523.5700576962083, 
            1520.0000000000002
        ], 
        [
            124.04366487718296, 
            548.6412377520325, 
            1520.0
        ], 
        [
            101.85544232813213, 
            594.1736378496682, 
            1520.0
        ], 
        [
            88.62869573431746, 
            632.8182829962202, 
            1520.0
        ], 
        [
            943.8500163585693, 
            292.3497400007318, 
            1520.0
        ], 
        [
            996.9172949580109, 
            263.40220242068, 
            1520.0000000000002
        ], 
        [
            1042.9283646655053, 
            286.7190651076103, 
            1520.0
        ], 
        [
            1098.8526503923335, 
            298.12686223432297, 
            1519.9999999999998
        ], 
        [
            1147.6941535677608, 
            297.70918306791526, 
            1520.0
        ], 
        [
            1208.9822856397504, 
            323.5051763489649, 
            1520.0
        ], 
        [
            1337.4057398221394, 
            365.8187934934679, 
            1520.0000000000002
        ], 
        [
            1364.582326108957, 
            440.22192174753286, 
            1520.0
        ], 
        [
            1399.3044614996095, 
            502.696857019377, 
            1520.0
        ], 
        [
            550.742821901294, 
            293.4959648129237, 
            1520.0
        ], 
        [
            481.15939835209684, 
            333.5985026976046, 
            1520.0
        ], 
        [
            406.00286706275654, 
            399.8429458772615, 
            1520.0
        ], 
        [
            373.1359259382333, 
            429.0979997524065, 
            1520.0
        ], 
        [
            1316.8196513232858, 
            723.0196377109762, 
            1520.0
        ], 
        [
            1393.8286140193186, 
            697.2921420296321, 
            1520.0
        ], 
        [
            1433.8730392862976, 
            647.1067025756046, 
            1520.0
        ], 
        [
            1429.105361422687, 
            562.8821668465276, 
            1520.0
        ], 
        [
            1421.6810168243262, 
            536.3944704046727, 
            1520.0
        ], 
        [
            1272.335373693574, 
            736.9577899848268, 
            1520.0
        ], 
        [
            1361.4658555088354, 
            711.425124819471, 
            1520.0
        ], 
        [
            1436.471930569282, 
            611.035759768591, 
            1520.0
        ], 
        [
            757.5680865254958, 
            305.7441569957031, 
            1520.0
        ], 
        [
            707.8909455655355, 
            301.47025972114693, 
            1520.0
        ], 
        [
            648.9867937759477, 
            283.260509575233, 
            1520.0
        ], 
        [
            869.4646355295317, 
            288.28641314280287, 
            1520.0
        ], 
        [
            816.9604440058192, 
            300.5375272246588, 
            1520.0
        ], 
        [
            75.42308652231459, 
            671.401170959051, 
            1519.9999999999998
        ], 
        [
            242.96891170101225, 
            919.4205340429133, 
            1520.0
        ], 
        [
            150.58089603413003, 
            917.8237088299725, 
            1520.0
        ], 
        [
            60.838713259176046, 
            861.8988306056011, 
            1520.0
        ], 
        [
            60.31816395043084, 
            766.650458946799, 
            1520.0
        ], 
        [
            116.81981152145684, 
            889.9933643832057, 
            1519.9999999999998
        ], 
        [
            193.3053815742285, 
            918.5621545604916, 
            1520.0
        ], 
        [
            45.01113928995106, 
            818.6186660525544, 
            1520.0
        ], 
        [
            60.04525829849475, 
            716.715095424616, 
            1520.0
        ], 
        [
            701.1586504442445, 
            514.5548930322881, 
            1520.0
        ], 
        [
            805.2705806693475, 
            512.2321359829347, 
            1520.0
        ], 
        [
            893.5233880900298, 
            524.0271160899997, 
            1520.0
        ], 
        [
            979.9952230892701, 
            547.7240886863029, 
            1520.0
        ], 
        [
            1047.659512432254, 
            564.4234682741015, 
            1520.0
        ], 
        [
            609.6346125994613, 
            548.1436796131684, 
            1520.0
        ], 
        [
            526.2710725375894, 
            576.9061531538005, 
            1520.0
        ], 
        [
            402.68405918981335, 
            647.3732532479976, 
            1520.0000000000002
        ], 
        [
            651.3614326151954, 
            519.6852915672544, 
            1520.0000000000002
        ], 
        [
            757.0005884621355, 
            506.71125397282884, 
            1520.0
        ], 
        [
            930.6928777264536, 
            537.5952669146819, 
            1520.0
        ], 
        [
            839.9244124147485, 
            512.745030349259, 
            1520.0
        ], 
        [
            597.0851223870915, 
            291.4709105144161, 
            1520.0
        ], 
        [
            511.0760506649197, 
            307.22483962252124, 
            1520.0000000000002
        ], 
        [
            442.3543393679128, 
            362.0736756623862, 
            1520.0
        ], 
        [
            1273.094107939765, 
            325.64026423072875, 
            1520.0
        ], 
        [
            990.1205944846586, 
            209.7600744571766, 
            1520.0
        ], 
        [
            841.3942850059466, 
            189.5390163990405, 
            1520.0
        ], 
        [
            896.049359975905, 
            162.1325548779222, 
            1520.0
        ], 
        [
            951.2356793806996, 
            165.50922935930308, 
            1520.0
        ]
