        [
            671.125013790022, 
            294.4889128345253, 
            630.0000000000005
        ], 
        [
            654.6424325798066, 
            283.5139547930155, 
            630.0
        ], 
        [
            640.7693144036712, 
            279.03987362055886, 
            630.0000000000005
        ], 
        [
            627.6183258980402, 
            286.028049657893, 
            630.0
        ], 
        [
            606.2911789647659, 
            286.9048642240508, 
            630.0
        ], 
        [
            595.058344514204, 
            299.0551907948934, 
            630.0000000000005
        ], 
        [
            591.3599522018437, 
            317.9515600446439, 
            630.0
        ], 
        [
            674.3818690881474, 
            305.4866839630332, 
            630.0
        ], 
        [
            688.3780622540166, 
            313.8406803163149, 
            630.0
        ], 
        [
            674.4751048022831, 
            315.70886291359886, 
            629.9999999999995
        ], 
        [
            661.2093509144502, 
            316.3282668940561, 
            630.0
        ], 
        [
            595.8933096074445, 
            328.6996459741772, 
            629.9999999999995
        ], 
        [
            575.4312021600622, 
            311.7331481851821, 
            600.0
        ], 
        [
            583.9642268597779, 
            324.81010060910313, 
            600.0
        ], 
        [
            596.7220715870643, 
            322.8361227612821, 
            600.0
        ], 
        [
            610.98786307937, 
            313.01663631298715, 
            600.0
        ], 
        [
            657.4397734718535, 
            312.26446584565474, 
            600.0
        ], 
        [
            674.1947350484643, 
            315.29821359472805, 
            600.0
        ], 
        [
            680.9243465618456, 
            296.12536832556583, 
            600.0
        ], 
        [
            693.9420151710119, 
            285.68901904499546, 
            600.0
        ], 
        [
            704.5236628851401, 
            275.77982021838125, 
            600.0
        ], 
        [
            689.778311783505, 
            267.9765355051643, 
            600.0
        ], 
        [
            676.9032683053902, 
            258.42792603999135, 
            600.0
        ], 
        [
            654.1276805997568, 
            256.38069151364465, 
            600.0
        ], 
        [
            647.6612655513853, 
            268.2495895406366, 
            600.0
        ], 
        [
            604.8554142766922, 
            284.8682175806506, 
            600.0
        ], 
        [
            592.8146011202257, 
            284.4297089631785, 
            600.0
        ], 
        [
            580.6975233842304, 
            285.8087426369521, 
            600.0
        ], 
        [
            572.9797253635213, 
            297.6697825494855, 
            600.0
        ], 
        [
            634.5684738792104, 
            311.43824096683755, 
            600.0
        ], 
        [
            627.3792935078835, 
            279.01939218403777, 
            600.0
        ], 
        [
            685.8002399546203, 
            310.8612123871999, 
            600.0
        ], 
        [
            560.0554803331675, 
            278.1452247162691, 
            570.0
        ], 
        [
            561.7075346495665, 
            297.67874003821356, 
            570.0
        ], 
        [
            567.5957733240275, 
            311.01972423938196, 
            570.0
        ], 
        [
            582.4928456961653, 
            300.4802654834352, 
            570.0
        ], 
        [
            595.3000125686193, 
            292.75137418907946, 
            570.0
        ], 
        [
            602.5608667197927, 
            280.20578701923455, 
            570.0
        ], 
        [
            622.5077042035998, 
            273.23553348053156, 
            570.0
        ], 
        [
            663.5516000234318, 
            290.869969016009, 
            570.0
        ], 
        [
            667.5873886745331, 
            305.2282971111844, 
            570.0
        ], 
        [
            685.3652797608427, 
            302.25694177582574, 
            570.0
        ], 
        [
            688.2315619813056, 
            284.99486252172056, 
            570.0
        ], 
        [
            699.2753698231031, 
            270.42520313233524, 
            570.0
        ], 
        [
            720.2264052574799, 
            259.32404823552616, 
            570.0
        ], 
        [
            743.5896774790546, 
            254.5220425613516, 
            570.0
        ], 
        [
            760.7805948816178, 
            244.84386742402666, 
            570.0
        ], 
        [
            744.6071108226718, 
            243.75449274471714, 
            570.0
        ], 
        [
            728.6951290585009, 
            233.63782473088622, 
            570.0
        ], 
        [
            714.529471709885, 
            224.31478425929657, 
            570.0
        ], 
        [
            696.4233226360235, 
            224.83460358672767, 
            570.0
        ], 
        [
            678.0529181488695, 
            234.37276408490226, 
            570.0
        ], 
        [
            655.1890694061271, 
            234.39223341428573, 
            570.0
        ], 
        [
            563.9291163110717, 
            269.48695140769644, 
            570.0
        ], 
        [
            581.1853029039805, 
            265.26097565354655, 
            570.0
        ], 
        [
            592.0129842340721, 
            253.11258796449926, 
            570.0
        ], 
        [
            594.981249836326, 
            235.32292070157666, 
            570.0
        ], 
        [
            599.90980455218, 
            221.975266735501, 
            570.0
        ], 
        [
            615.9170403821443, 
            236.3105803477901, 
            570.0
        ], 
        [
            632.0423598252497, 
            237.39694282081317, 
            570.0
        ], 
        [
            642.1254504783562, 
            281.9542881882203, 
            570.0
        ], 
        [
            511.90847932687757, 
            245.26644713488662, 
            540.0
        ], 
        [
            524.9630968922147, 
            257.4120354932086, 
            540.0
        ], 
        [
            535.0138485080344, 
            275.8458173776518, 
            540.0
        ], 
        [
            545.4373367686528, 
            290.7421510089299, 
            540.0
        ], 
        [
            542.1115822685581, 
            306.00214177822187, 
            540.0
        ], 
        [
            525.9699417246452, 
            318.11428911365624, 
            540.0
        ], 
        [
            555.3856077195901, 
            322.43556064273014, 
            540.0
        ], 
        [
            563.1991895583689, 
            304.02810265606263, 
            540.0
        ], 
        [
            749.2831808271328, 
            233.0490772333346, 
            540.0
        ], 
        [
            734.7193499256059, 
            241.70392145630566, 
            540.0
        ], 
        [
            718.6584865032208, 
            247.20909046658807, 
            540.0
        ], 
        [
            703.4960683547215, 
            255.80538080098947, 
            540.0
        ], 
        [
            686.6689194939939, 
            263.0303272429989, 
            540.0
        ], 
        [
            688.5064334808583, 
            281.2218068301094, 
            540.0
        ], 
        [
            694.8125146328365, 
            290.2931232455694, 
            540.0
        ], 
        [
            680.0297989603395, 
            294.74166692210645, 
            540.0
        ], 
        [
            665.7813781008481, 
            299.84761239885046, 
            540.0
        ], 
        [
            722.6609836572686, 
            230.26459113839968, 
            540.0
        ], 
        [
            707.9355133338886, 
            228.12612446029456, 
            540.0
        ], 
        [
            698.751234910774, 
            236.73992252576818, 
            540.0
        ], 
        [
            686.8925362183029, 
            242.08303826792584, 
            540.0
        ], 
        [
            664.7964406411447, 
            242.1619592465819, 
            540.0
        ], 
        [
            645.5922750625689, 
            237.1565187008948, 
            540.0
        ], 
        [
            579.2197464408372, 
            221.23583250762675, 
            540.0
        ], 
        [
            587.119518350271, 
            237.608111187366, 
            540.0
        ], 
        [
            602.9908361784587, 
            245.85567441324065, 
            540.0
        ], 
        [
            623.2261154024116, 
            240.19783334540062, 
            540.0
        ], 
        [
            559.8326469754668, 
            224.5839443919555, 
            540.0
        ], 
        [
            535.6178862865943, 
            228.62051696546035, 
            540.0
        ], 
        [
            655.0692843811628, 
            299.3175102212872, 
            540.0
        ], 
        [
            577.3836452860437, 
            275.51547209740335, 
            540.0
        ], 
        [
            595.8620726436454, 
            269.66723888368057, 
            540.0
        ], 
        [
            654.910851252428, 
            282.4850818322378, 
            540.0
        ], 
        [
            564.9991116168578, 
            256.23388734467613, 
            540.0
        ], 
        [
            558.8165792442305, 
            253.07399049002197, 
            510.0
        ], 
        [
            579.7514923081267, 
            253.2606444898795, 
            510.0
        ], 
        [
            601.5884229992971, 
            251.77013103398463, 
            510.0
        ], 
        [
            617.0051400114761, 
            252.91846264129055, 
            510.0
        ], 
        [
            628.2150180814641, 
            264.9021108443785, 
            510.0
        ], 
        [
            632.7759903555822, 
            280.69155515412433, 
            510.0
        ], 
        [
            640.9512644116481, 
            292.803154500269, 
            510.0
        ], 
        [
            654.717952644852, 
            293.10824257503384, 
            510.0
        ], 
        [
            655.24219073681, 
            279.3075819940217, 
            510.0
        ], 
        [
            672.1578296114681, 
            278.8798050524582, 
            510.0
        ], 
        [
            579.0675153569613, 
            232.01879081185103, 
            510.0
        ], 
        [
            679.6227814882925, 
            270.35199467018737, 
            510.0
        ], 
        [
            680.4476060565722, 
            258.379301389094, 
            510.0
        ], 
        [
            686.0874543564643, 
            242.88896363251132, 
            510.0
        ], 
        [
            699.0815061579499, 
            230.31456778089319, 
            510.0
        ], 
        [
            505.8588955735246, 
            255.2069464816259, 
            510.0
        ], 
        [
            693.0406139467306, 
            219.68551591921516, 
            510.0
        ], 
        [
            674.6709869359594, 
            228.4209610959029, 
            510.0
        ], 
        [
            660.2510240917396, 
            235.3170002695162, 
            510.0
        ], 
        [
            644.7830146444023, 
            237.80472461139448, 
            510.0
        ], 
        [
            626.3065846735468, 
            236.80367172250112, 
            510.0
        ], 
        [
            606.2830195368302, 
            237.98379185599669, 
            510.0
        ], 
        [
            587.3555400809009, 
            236.30496100528575, 
            510.0
        ], 
        [
            567.4661923685915, 
            226.01914114218488, 
            510.0
        ], 
        [
            541.3743547651811, 
            231.70372539515324, 
            510.0
        ], 
        [
            526.7735348896106, 
            225.85381046721983, 
            510.0
        ], 
        [
            516.5411063927322, 
            215.2374268161434, 
            510.0
        ], 
        [
            502.5697052731166, 
            223.97110337704999, 
            510.0
        ], 
        [
            508.8296763875767, 
            240.60397324389982, 
            510.0
        ], 
        [
            505.99303378278114, 
            269.0660969024583, 
            510.0
        ], 
        [
            512.0511175680408, 
            286.82713154755527, 
            510.0
        ], 
        [
            516.9317443856197, 
            300.78980484282033, 
            510.0
        ], 
        [
            499.1238722152504, 
            307.64121627135285, 
            510.0
        ], 
        [
            507.57625458712704, 
            317.93899817679693, 
            510.0
        ], 
        [
            517.8492957179651, 
            320.7258114558832, 
            510.0
        ], 
        [
            533.7392157433039, 
            318.3846275673007, 
            510.0
        ], 
        [
            534.4950638649793, 
            306.49971906945154, 
            510.0
        ], 
        [
            535.3417512669241, 
            290.4115442437689, 
            510.0
        ], 
        [
            534.9334785270356, 
            278.32289026789596, 
            510.0
        ], 
        [
            533.3588353386967, 
            266.04528954848666, 
            510.0
        ], 
        [
            546.7627173582264, 
            260.8729364511617, 
            510.0
        ], 
        [
            554.414445585192, 
            228.86270300112216, 
            510.0
        ], 
        [
            455.43718383294606, 
            309.59007064107504, 
            480.0
        ], 
        [
            474.0642159723175, 
            314.14449885133456, 
            480.0
        ], 
        [
            486.27555837057025, 
            319.36492189550927, 
            480.0
        ], 
        [
            502.0744222653303, 
            315.62619067876847, 
            480.0
        ], 
        [
            500.4630594478542, 
            300.1567919135749, 
            480.0
        ], 
        [
            510.5242989583753, 
            288.1070905700383, 
            480.0
        ], 
        [
            521.248564874646, 
            270.63840552242505, 
            480.0
        ], 
        [
            532.5369059565749, 
            257.91465879792054, 
            480.0
        ], 
        [
            545.5938864945931, 
            246.94286572242754, 
            480.0
        ], 
        [
            563.8027837585726, 
            249.71331689782232, 
            480.0
        ], 
        [
            615.7353367409403, 
            283.88608598231315, 
            480.0
        ], 
        [
            610.648206115779, 
            270.1503882674805, 
            480.0
        ], 
        [
            600.171265604969, 
            261.271358668302, 
            480.0
        ], 
        [
            584.9985342109522, 
            250.64454655597729, 
            480.0
        ], 
        [
            625.6200460057498, 
            292.160016753097, 
            480.0
        ], 
        [
            637.4993609057933, 
            287.228781798318, 
            480.0
        ], 
        [
            634.1444210670717, 
            276.4701860431784, 
            480.0
        ], 
        [
            643.0459883833362, 
            273.96177406421646, 
            480.0
        ], 
        [
            659.5980537123746, 
            273.76271600146686, 
            480.0
        ], 
        [
            677.3630066699013, 
            272.9478262677669, 
            480.0
        ], 
        [
            680.6005022595226, 
            259.06687600008945, 
            480.0
        ], 
        [
            676.7732454908067, 
            242.83800137273, 
            480.0
        ], 
        [
            676.4180371969213, 
            230.7655799775681, 
            480.0
        ], 
        [
            686.634691605445, 
            224.58235683630687, 
            480.0
        ], 
        [
            702.2187157473775, 
            218.3173916002313, 
            480.0
        ], 
        [
            692.295339383734, 
            209.36672902217117, 
            480.0
        ], 
        [
            673.3759123579403, 
            204.17780954032628, 
            480.0
        ], 
        [
            658.342457343632, 
            214.0789759069428, 
            480.0
        ], 
        [
            649.827550230018, 
            225.6843748272912, 
            480.0
        ], 
        [
            633.1345343418606, 
            231.94641601305693, 
            480.0
        ], 
        [
            615.4236506435279, 
            229.76954294515042, 
            480.0
        ], 
        [
            598.3178019498739, 
            227.5864526241595, 
            480.0
        ], 
        [
            581.1408493048306, 
            231.43397404763664, 
            480.0
        ], 
        [
            566.4573774186771, 
            226.8103963835315, 
            480.0
        ], 
        [
            548.8247358928086, 
            222.8313045949858, 
            480.0
        ], 
        [
            532.4197854813884, 
            215.22129283622178, 
            480.0
        ], 
        [
            520.1246055777146, 
            208.7601676835335, 
            480.0
        ], 
        [
            508.41175416515, 
            202.89385118128075, 
            480.0
        ], 
        [
            496.0307872123972, 
            206.08552638646472, 
            480.0
        ], 
        [
            494.13049069488204, 
            221.77213110014236, 
            480.0
        ], 
        [
            494.5653136100654, 
            239.1983579762658, 
            480.0
        ], 
        [
            498.5597193474017, 
            251.74795244157838, 
            480.0
        ], 
        [
            497.87660062544137, 
            262.54312257125173, 
            480.0
        ], 
        [
            489.62329033119875, 
            268.6306448160135, 
            480.0
        ], 
        [
            477.39629771554866, 
            260.40347338490744, 
            480.0
        ], 
        [
            464.00405082857986, 
            250.9909574540585, 
            480.0
        ], 
        [
            449.39753805310636, 
            248.18328962827854, 
            480.0
        ], 
        [
            435.39267850790026, 
            243.57224870299194, 
            480.0
        ], 
        [
            466.60436655481124, 
            296.96416764707135, 
            480.0
        ], 
        [
            472.52254500804884, 
            286.16287704704496, 
            480.0
        ], 
        [
            464.4354807053752, 
            273.1227611074769, 
            480.0
        ], 
        [
            420.76390390399695, 
            249.15100083345726, 
            480.0
        ], 
        [
            432.3955467168339, 
            258.57463585662845, 
            480.0
        ], 
        [
            445.2039053884569, 
            265.5891681147441, 
            480.0
        ], 
        [
            479.01679135520214, 
            312.267611811553, 
            450.0
        ], 
        [
            464.6144775060046, 
            303.57233452693083, 
            450.0
        ], 
        [
            448.9980043200925, 
            303.75007031519976, 
            450.0
        ], 
        [
            435.1703291774055, 
            296.23225156369347, 
            450.0
        ], 
        [
            450.82517227216397, 
            288.95571049618286, 
            450.0
        ], 
        [
            458.4217182385823, 
            278.209820155887, 
            450.0
        ], 
        [
            458.517582587648, 
            263.97922508251986, 
            450.0
        ], 
        [
            450.4907841367544, 
            249.83003812958646, 
            450.0
        ], 
        [
            436.62361352939, 
            241.09596067919836, 
            450.0
        ], 
        [
            425.66054385283087, 
            230.53489003629454, 
            450.0
        ], 
        [
            428.0323025173649, 
            219.78044753213578, 
            450.0
        ], 
        [
            444.2647670749955, 
            223.72650522417393, 
            450.0
        ], 
        [
            454.1867682153429, 
            216.43084155618124, 
            450.0
        ], 
        [
            450.81459273883746, 
            197.9601885661657, 
            450.0
        ], 
        [
            468.2589618147428, 
            200.69537954629038, 
            450.0
        ], 
        [
            482.7672681081256, 
            207.6615861844008, 
            450.0
        ], 
        [
            495.66133366109796, 
            199.69705200727867, 
            450.0
        ], 
        [
            498.6992540252901, 
            186.4697130461774, 
            450.0
        ], 
        [
            523.1316177717732, 
            196.89872668240605, 
            450.0
        ], 
        [
            536.5948386201133, 
            195.50176957227177, 
            450.0
        ], 
        [
            551.7243056150654, 
            202.47599282901842, 
            450.0
        ], 
        [
            565.6598875009054, 
            211.26523795497303, 
            450.0
        ], 
        [
            548.3948708463406, 
            187.52529710589977, 
            450.0
        ], 
        [
            513.2579964922412, 
            191.04954149949515, 
            450.0
        ], 
        [
            499.2629819788808, 
            314.9955758863962, 
            450.0
        ], 
        [
            514.4032193064031, 
            308.3281937165697, 
            450.0
        ], 
        [
            510.4532491017176, 
            297.13341060556616, 
            450.0
        ], 
        [
            502.4171257742932, 
            287.7523251224443, 
            450.0
        ], 
        [
            500.78595937347563, 
            275.9144098558028, 
            450.0
        ], 
        [
            498.60949381424365, 
            259.90773031276456, 
            450.0
        ], 
        [
            509.754000180405, 
            250.24665471320577, 
            450.0
        ], 
        [
            526.6584124611184, 
            248.8351853947985, 
            450.0
        ], 
        [
            541.34052092943, 
            239.69910526755098, 
            450.0
        ], 
        [
            558.2984810472578, 
            237.6819308332357, 
            450.0
        ], 
        [
            577.5348455004415, 
            241.6050758576108, 
            450.0
        ], 
        [
            594.9923746145672, 
            247.9426509858522, 
            450.0
        ], 
        [
            604.1643157695776, 
            260.3530842572047, 
            450.0
        ], 
        [
            610.4120351599684, 
            272.1921757899328, 
            450.0
        ], 
        [
            624.3776100451018, 
            276.7849269365008, 
            450.0
        ], 
        [
            637.8457461583376, 
            276.62121707478866, 
            450.0
        ], 
        [
            633.9843212017041, 
            262.95853930807743, 
            450.0
        ], 
        [
            628.9138208731438, 
            251.08434056145848, 
            450.0
        ], 
        [
            639.5996741527313, 
            243.77253176990678, 
            450.0
        ], 
        [
            656.7002339906089, 
            239.9563341522089, 
            450.0
        ], 
        [
            673.1312070875422, 
            241.53464746210523, 
            450.0
        ], 
        [
            691.2669937247895, 
            246.68517362677596, 
            450.0
        ], 
        [
            700.870435079618, 
            238.17062629516147, 
            450.0
        ], 
        [
            681.5764066811109, 
            231.23452458010115, 
            450.0
        ], 
        [
            663.3853927280093, 
            228.48361308388098, 
            450.0
        ], 
        [
            652.3974649080401, 
            218.43807682966985, 
            450.0
        ], 
        [
            661.46579531935, 
            205.69645300616878, 
            450.0
        ], 
        [
            662.2728297240835, 
            194.25443259430324, 
            450.0
        ], 
        [
            643.9729527552566, 
            196.32820458527885, 
            450.0
        ], 
        [
            634.1530543020697, 
            185.64043522056397, 
            450.0
        ], 
        [
            620.5742617669233, 
            188.25100850917, 
            450.0
        ], 
        [
            620.9236390875828, 
            202.67463288578392, 
            450.0
        ], 
        [
            608.4797001771769, 
            209.45681171080298, 
            450.0
        ], 
        [
            594.9273016440702, 
            213.2474649406082, 
            450.0
        ], 
        [
            579.6766996963668, 
            214.0622312586696, 
            450.0
        ], 
        [
            394.5028185941079, 
            281.4801211138701, 
            420.0
        ], 
        [
            396.9496206073238, 
            295.1751554920188, 
            420.0
        ], 
        [
            409.56159569483015, 
            298.4605734043002, 
            420.0
        ], 
        [
            423.269708006993, 
            297.15783374549596, 
            420.0
        ], 
        [
            440.4597013528657, 
            299.24826365643855, 
            420.0
        ], 
        [
            454.20540740755234, 
            299.6622715033954, 
            420.0
        ], 
        [
            468.0614682570689, 
            308.6658581552042, 
            420.0
        ], 
        [
            480.7037818802056, 
            311.38685706122214, 
            420.0
        ], 
        [
            490.3682760165726, 
            304.40223854449425, 
            420.0
        ], 
        [
            486.19637112556836, 
            291.27322371657357, 
            420.0
        ], 
        [
            496.9408413705802, 
            278.54185986798666, 
            420.0
        ], 
        [
            511.1532853906075, 
            267.4827196050286, 
            420.0
        ], 
        [
            519.6041293849537, 
            254.19636101960484, 
            420.0
        ], 
        [
            528.0643450222468, 
            241.47932905660264, 
            420.0
        ], 
        [
            540.5901287617905, 
            232.14628857306946, 
            420.0
        ], 
        [
            553.1705479399171, 
            226.82278681370286, 
            420.0
        ], 
        [
            567.5872787365926, 
            230.0779293362267, 
            420.0
        ], 
        [
            578.1104145529359, 
            243.7139946631959, 
            420.0
        ], 
        [
            587.5363549483749, 
            261.38810637834456, 
            420.0
        ], 
        [
            597.4721704763064, 
            273.3227788011362, 
            420.0
        ], 
        [
            611.3612615768969, 
            278.3245464552154, 
            420.0
        ], 
        [
            626.910399986579, 
            276.9903160589399, 
            420.0
        ], 
        [
            625.0746472398216, 
            268.39545092733624, 
            420.0
        ], 
        [
            617.4395587519746, 
            257.00110995927, 
            420.0
        ], 
        [
            625.3896643763183, 
            247.13803852290064, 
            420.0
        ], 
        [
            640.3342815624939, 
            242.92867567847657, 
            420.0
        ], 
        [
            657.0762721313869, 
            243.29213289792807, 
            420.0
        ], 
        [
            674.428672247355, 
            245.37317066618024, 
            420.0
        ], 
        [
            598.3633738151391, 
            204.99828709970706, 
            420.0
        ], 
        [
            675.9403814775455, 
            227.53043236011672, 
            420.0
        ], 
        [
            644.5026603021613, 
            206.67827888453445, 
            420.0
        ], 
        [
            655.7084365958577, 
            226.06775779415506, 
            420.0
        ], 
        [
            638.9183329181185, 
            221.6892888331319, 
            420.0
        ], 
        [
            627.7279585828318, 
            202.88192849069065, 
            420.0
        ], 
        [
            611.5339559123113, 
            198.50638815889621, 
            420.0
        ], 
        [
            588.0703685103892, 
            210.8749254389379, 
            420.0
        ], 
        [
            571.3760641887985, 
            210.5229506481568, 
            420.0
        ], 
        [
            555.7591274500777, 
            203.2750682037075, 
            420.0
        ], 
        [
            544.7279695167902, 
            194.24974438395677, 
            420.0
        ], 
        [
            530.4366403602302, 
            200.17632155162485, 
            420.0
        ], 
        [
            512.0461738823059, 
            198.70589858002285, 
            420.0
        ], 
        [
            501.62274410197926, 
            190.8273246621568, 
            420.0
        ], 
        [
            496.59866816084934, 
            202.3519436298139, 
            420.0
        ], 
        [
            485.79414677108764, 
            209.94244983049185, 
            420.0
        ], 
        [
            473.8480459272679, 
            217.54496718273163, 
            420.0
        ], 
        [
            461.8595117442875, 
            221.13755092600542, 
            420.0
        ], 
        [
            445.24994646597156, 
            220.78300704912064, 
            420.0
        ], 
        [
            430.3063109017966, 
            215.25837922500762, 
            420.0
        ], 
        [
            437.32042993583406, 
            227.7529806885719, 
            420.0
        ], 
        [
            435.76722870388124, 
            241.50517140558034, 
            420.0
        ], 
        [
            425.01466077207897, 
            251.36694339795463, 
            420.0
        ], 
        [
            435.4330454836665, 
            261.5365073073133, 
            420.0
        ], 
        [
            425.7900834647758, 
            268.52054360473693, 
            420.0
        ], 
        [
            410.971999342919, 
            272.7044355023554, 
            420.0
        ], 
        [
            400.3548577500864, 
            269.40740378448135, 
            390.0
        ], 
        [
            408.98690769438576, 
            280.6432879627572, 
            390.0
        ], 
        [
            421.56383787316884, 
            289.5687263416317, 
            390.0
        ], 
        [
            439.73985754890674, 
            291.625249487211, 
            390.0
        ], 
        [
            455.6855470549234, 
            295.9799263381379, 
            390.0
        ], 
        [
            475.030470843525, 
            298.59498027833195, 
            390.0
        ], 
        [
            488.58917035816125, 
            291.6225406035362, 
            390.0
        ], 
        [
            490.1242529374664, 
            277.40462429801806, 
            390.0
        ], 
        [
            496.19444329840945, 
            261.9950322496394, 
            390.0
        ], 
        [
            515.9679966748848, 
            250.387640530397, 
            390.0
        ], 
        [
            523.1887827711257, 
            235.521835545689, 
            390.0
        ], 
        [
            533.9035423307004, 
            226.8588277457172, 
            390.0
        ], 
        [
            562.8465559332801, 
            216.81524554423203, 
            390.0
        ], 
        [
            578.3562849431697, 
            225.71295165308578, 
            390.0
        ], 
        [
            586.5255863180697, 
            240.4008547587889, 
            390.0
        ], 
        [
            590.7367511784304, 
            257.9891123509356, 
            390.0
        ], 
        [
            602.8877551818416, 
            270.93231812860745, 
            390.0
        ], 
        [
            617.2402334265764, 
            276.45365833452604, 
            390.0
        ], 
        [
            467.1407126478274, 
            208.99517904857242, 
            390.0
        ], 
        [
            618.187165866533, 
            260.4977511002842, 
            390.0
        ], 
        [
            615.183011278587, 
            248.57757792156272, 
            390.0
        ], 
        [
            628.8441499285587, 
            243.85040681609962, 
            390.0
        ], 
        [
            648.2616539868382, 
            241.32660832299453, 
            390.0
        ], 
        [
            638.3471458188508, 
            226.07276181585596, 
            390.0
        ], 
        [
            658.3790756551059, 
            226.38280367817006, 
            390.0
        ], 
        [
            622.3109495552796, 
            224.0031273806968, 
            390.0
        ], 
        [
            609.6636054093162, 
            217.9060584691514, 
            390.0
        ], 
        [
            620.9787871845967, 
            208.64766117181028, 
            390.0
        ], 
        [
            604.3276084023315, 
            202.03983205751655, 
            390.0
        ], 
        [
            588.2449408568211, 
            194.29121310017314, 
            390.0
        ], 
        [
            568.2298717825737, 
            190.58310205604866, 
            390.0
        ], 
        [
            543.1798735934028, 
            193.20013217642077, 
            390.0
        ], 
        [
            528.9082083610425, 
            190.55392759938502, 
            390.0
        ], 
        [
            511.8207662269075, 
            189.65230449526905, 
            390.0
        ], 
        [
            505.72754934325076, 
            203.36757542847684, 
            390.0
        ], 
        [
            492.75779667839026, 
            212.62792303246115, 
            390.0
        ], 
        [
            477.4128468960994, 
            212.83171527557522, 
            390.0
        ], 
        [
            454.62277830201924, 
            206.89278733767338, 
            390.0
        ], 
        [
            438.77508075180384, 
            210.5086616401372, 
            390.0
        ], 
        [
            432.6371155104811, 
            219.09813986362525, 
            390.0
        ], 
        [
            445.79926510345206, 
            228.5697567125325, 
            390.0
        ], 
        [
            440.2604887749502, 
            239.98771805433347, 
            390.0
        ], 
        [
            429.57797031922416, 
            248.06464765217513, 
            390.0
        ], 
        [
            419.46662094168346, 
            256.1312784552722, 
            390.0
        ], 
        [
            401.30703278169244, 
            254.08907451370752, 
            390.0
        ], 
        [
            545.7896683443412, 
            220.45097213093754, 
            390.0
        ], 
        [
            421.9553756321597, 
            268.37564071043363, 
            360.0
        ], 
        [
            430.89336495091595, 
            278.09290676698123, 
            360.0
        ], 
        [
            443.82526876601867, 
            280.4448807640978, 
            360.0
        ], 
        [
            459.0025031007129, 
            283.9475080032083, 
            360.0
        ], 
        [
            477.5618714812326, 
            287.4715195685258, 
            360.0
        ], 
        [
            491.69235956276157, 
            283.01175553186863, 
            360.0
        ], 
        [
            502.49355235547625, 
            273.9779106580118, 
            360.0
        ], 
        [
            508.841859292713, 
            259.7844354471772, 
            360.0
        ], 
        [
            516.868053890078, 
            247.86464300752942, 
            360.0
        ], 
        [
            531.0690295864547, 
            240.5314910707658, 
            360.0
        ], 
        [
            544.7427884747792, 
            230.90535752112118, 
            360.0
        ], 
        [
            555.5611525821184, 
            224.68217865896958, 
            360.0
        ], 
        [
            571.9839143752641, 
            223.62860376580005, 
            360.0
        ], 
        [
            584.3492771721525, 
            230.55240477622823, 
            360.0
        ], 
        [
            597.7915486727131, 
            241.47794508802332, 
            360.0
        ], 
        [
            606.0964028371965, 
            255.2215417600541, 
            360.0
        ], 
        [
            620.9458746466805, 
            245.60539026650298, 
            360.0
        ], 
        [
            637.9767495063163, 
            242.84672880955208, 
            360.0
        ], 
        [
            655.0267059340068, 
            239.51504677585962, 
            360.0
        ], 
        [
            649.5485013328588, 
            226.90880570101592, 
            360.0
        ], 
        [
            636.5857596737499, 
            221.69114977259983, 
            360.0
        ], 
        [
            622.4887957372994, 
            216.4671923907374, 
            360.0
        ], 
        [
            630.5560845246134, 
            207.35291710749306, 
            360.0
        ], 
        [
            627.8678423281046, 
            197.03023157561353, 
            360.0
        ], 
        [
            611.9330663552777, 
            200.9580058458099, 
            360.0
        ], 
        [
            597.7315225041623, 
            203.17488292782883, 
            360.0
        ], 
        [
            583.050531508356, 
            199.0919059733552, 
            360.0
        ], 
        [
            581.4954833276579, 
            187.62937920207315, 
            360.0
        ], 
        [
            566.2710524425578, 
            181.25065233257266, 
            360.0
        ], 
        [
            549.7934389767017, 
            185.18006459491903, 
            360.0
        ], 
        [
            533.9432859119381, 
            184.52868458172753, 
            360.0
        ], 
        [
            517.6158079058309, 
            175.8557140764221, 
            360.0
        ], 
        [
            501.1837669867836, 
            177.49447739655056, 
            360.0
        ], 
        [
            492.65808870350156, 
            181.46152629068075, 
            360.0
        ], 
        [
            482.4191194395761, 
            187.70730963873172, 
            360.0
        ], 
        [
            465.474193372932, 
            185.90613678060345, 
            360.0
        ], 
        [
            467.6314838577466, 
            197.92842725387902, 
            360.0
        ], 
        [
            471.99619250075904, 
            215.66459586647204, 
            360.0
        ], 
        [
            460.61186730044557, 
            226.44839406164203, 
            360.0
        ], 
        [
            446.98787729172545, 
            236.63842226697295, 
            360.0
        ], 
        [
            432.88647792374735, 
            237.1295718932043, 
            360.0
        ], 
        [
            417.6122641941573, 
            245.01935513231587, 
            360.0
        ], 
        [
            405.1528641218814, 
            255.19422972568697, 
            360.0
        ], 
        [
            417.52205948581184, 
            258.111295584661, 
            360.0
        ], 
        [
            405.57216574760935, 
            277.9468978627012, 
            330.0
        ], 
        [
            418.8970103692254, 
            287.0379556170184, 
            330.0
        ], 
        [
            434.4528344390658, 
            295.57739316705886, 
            330.0
        ], 
        [
            452.858636797685, 
            296.25531133678436, 
            330.0
        ], 
        [
            466.89884259358, 
            286.20642508180634, 
            330.0
        ], 
        [
            487.1221803692096, 
            273.9281911773497, 
            330.0
        ], 
        [
            496.23529128874833, 
            256.4863119661651, 
            330.0
        ], 
        [
            505.305148159539, 
            244.67262365920908, 
            330.0
        ], 
        [
            518.8834734103973, 
            231.17341133242792, 
            330.0
        ], 
        [
            537.8713801409206, 
            236.93655360647085, 
            330.0
        ], 
        [
            553.4777615019377, 
            244.37811893886857, 
            330.0
        ], 
        [
            562.8831010256564, 
            254.61000043253648, 
            330.0
        ], 
        [
            577.8654584238758, 
            266.564481966667, 
            330.0
        ], 
        [
            590.0982765792531, 
            273.9797252723167, 
            330.0
        ], 
        [
            591.4035402445431, 
            259.86235823297744, 
            330.0
        ], 
        [
            598.8430093853192, 
            248.59423174812645, 
            330.0
        ], 
        [
            614.0698117457255, 
            243.02045871399548, 
            330.0
        ], 
        [
            617.0660779787901, 
            229.4432694034041, 
            330.0
        ], 
        [
            600.8063583659205, 
            227.65505022441766, 
            330.0
        ], 
        [
            587.5035472024291, 
            214.54629974570594, 
            330.0
        ], 
        [
            572.36079302235, 
            213.33269946095652, 
            330.0
        ], 
        [
            558.3311294613767, 
            213.25913027621732, 
            330.0
        ], 
        [
            544.9317571225539, 
            207.51945800376507, 
            330.0
        ], 
        [
            536.0820834253556, 
            196.12924639360006, 
            330.0
        ], 
        [
            521.4774211053614, 
            197.75761434679242, 
            330.0
        ], 
        [
            506.3133408398613, 
            199.94942928711436, 
            330.0
        ], 
        [
            477.1243842107919, 
            204.9020129092484, 
            330.0
        ], 
        [
            491.71765902875455, 
            202.1429528219943, 
            330.0
        ], 
        [
            464.73520112075397, 
            212.7683290454512, 
            330.0
        ], 
        [
            456.85630247484636, 
            217.82209487096077, 
            330.0
        ], 
        [
            441.74957405487595, 
            217.74194373785178, 
            330.0
        ], 
        [
            430.5671318794561, 
            217.11676458952678, 
            330.0
        ], 
        [
            429.90014297514927, 
            231.81782521629867, 
            330.0
        ], 
        [
            417.558024970834, 
            238.53078570378125, 
            330.0
        ], 
        [
            411.899976360306, 
            249.2278273774757, 
            330.0
        ], 
        [
            421.3220480960349, 
            259.43892354221373, 
            330.0
        ], 
        [
            412.8990314505758, 
            266.72062736931025, 
            330.0
        ], 
        [
            491.6878996537909, 
            270.6612949988922, 
            300.0
        ], 
        [
            548.6231342481055, 
            260.4565147513883, 
            300.0
        ], 
        [
            571.3942025521708, 
            262.9119304939293, 
            300.0
        ], 
        [
            590.7863575608455, 
            260.42520870206477, 
            300.0
        ], 
        [
            602.8264229255259, 
            246.39215729940508, 
            300.0
        ], 
        [
            602.613157806432, 
            229.19901449439192, 
            300.0
        ], 
        [
            590.8301792909621, 
            219.38298954457275, 
            300.0
        ], 
        [
            576.2681697811674, 
            209.05500527937673, 
            300.0
        ], 
        [
            560.1789540138464, 
            209.28957402931036, 
            300.0
        ], 
        [
            546.2583737086569, 
            205.0568514768004, 
            300.0
        ], 
        [
            529.0521308799773, 
            203.64568984644959, 
            300.0
        ], 
        [
            482.862820867888, 
            230.35800891254706, 
            300.0
        ], 
        [
            463.58281820006266, 
            237.27843876053004, 
            300.0
        ], 
        [
            442.57549075405, 
            238.13073235552486, 
            300.0
        ], 
        [
            420.35056030776195, 
            229.59239871970368, 
            300.0
        ], 
        [
            421.10814874905907, 
            245.07613624502153, 
            300.0
        ], 
        [
            427.9362437998202, 
            259.92012114118245, 
            300.0
        ], 
        [
            412.5478904749457, 
            266.21935892883096, 
            300.0
        ], 
        [
            399.4342320229872, 
            276.9086015926394, 
            300.0
        ], 
        [
            412.2158451362283, 
            282.81747535202015, 
            300.0
        ], 
        [
            429.34079071048546, 
            282.5842593321644, 
            300.0
        ], 
        [
            444.24797121861684, 
            281.2746156911186, 
            300.0
        ], 
        [
            457.46618302912066, 
            277.22042029170973, 
            300.0
        ], 
        [
            474.016024993325, 
            273.67251476293285, 
            300.0
        ], 
        [
            516.9886254363571, 
            213.79879219816496, 
            300.0
        ], 
        [
            518.1946283972318, 
            264.75701046153756, 
            300.0
        ], 
        [
            499.93185454480533, 
            222.91151794086912, 
            300.0
        ], 
        [
            503.42716627554387, 
            271.7708060898394, 
            270.0
        ], 
        [
            536.3187019733374, 
            267.4742374518586, 
            270.0
        ], 
        [
            551.2766147331898, 
            277.153882434789, 
            270.0
        ], 
        [
            566.6370324021948, 
            274.74646177375934, 
            270.0
        ], 
        [
            583.653989569888, 
            272.31532304148936, 
            270.0
        ], 
        [
            595.7275886473699, 
            269.9511816824163, 
            270.0
        ], 
        [
            609.3884347873408, 
            262.067343353938, 
            270.0
        ], 
        [
            589.9118015297285, 
            244.74971345108813, 
            270.0
        ], 
        [
            574.3878472559929, 
            235.07639751560936, 
            270.0
        ], 
        [
            568.2220460649485, 
            225.82136154888553, 
            270.0
        ], 
        [
            552.767189268355, 
            221.09793514406326, 
            270.0
        ], 
        [
            433.8279408465444, 
            233.23858501121816, 
            270.0
        ], 
        [
            447.6125129561152, 
            239.6254392717428, 
            270.0
        ], 
        [
            461.40137604051506, 
            246.01428168472165, 
            270.0
        ], 
        [
            479.4681079569497, 
            243.56382146069762, 
            270.0
        ], 
        [
            498.1635295862278, 
            246.59325869681186, 
            270.0
        ], 
        [
            423.52217829373853, 
            241.06460648875938, 
            270.0
        ], 
        [
            410.5337236879024, 
            252.76387887453552, 
            270.0
        ], 
        [
            471.06449482644666, 
            272.2161152452429, 
            270.0
        ], 
        [
            487.0105887864588, 
            275.289224162967, 
            270.0
        ], 
        [
            454.6341420379212, 
            273.5392345429375, 
            270.0
        ], 
        [
            418.8695627271178, 
            261.9686249162525, 
            270.0
        ], 
        [
            428.8132901912497, 
            268.41076000508787, 
            270.0
        ], 
        [
            441.4909354945646, 
            274.2683057897974, 
            270.0
        ], 
        [
            539.377519244015, 
            248.75843070903696, 
            270.0
        ], 
        [
            547.4520089659467, 
            235.46007244888077, 
            270.0
        ], 
        [
            515.234884153174, 
            250.74526536808992, 
            270.0
        ], 
        [
            521.4846337461405, 
            267.130085445968, 
            270.0
        ], 
        [
            606.5006572711704, 
            251.11290072558765, 
            270.0
        ], 
        [
            550.6358413750166, 
            292.6812400220015, 
            240.0
        ], 
        [
            563.4977290125329, 
            282.94778087705606, 
            240.0
        ], 
        [
            580.7562456620847, 
            276.8637533212395, 
            240.0
        ], 
        [
            600.7047684415782, 
            275.22972209214606, 
            240.0
        ], 
        [
            608.9354508764699, 
            265.3773983780932, 
            240.0
        ], 
        [
            602.2688642979051, 
            253.60704396977974, 
            240.0
        ], 
        [
            591.4003390013578, 
            250.0622912475568, 
            240.0
        ], 
        [
            570.5800254384444, 
            247.64824097251199, 
            240.0
        ], 
        [
            552.1707092081374, 
            245.56404227756104, 
            240.0
        ], 
        [
            538.3549135147923, 
            250.11030437763623, 
            240.0
        ], 
        [
            516.8416684798408, 
            244.8159623720012, 
            240.0
        ], 
        [
            496.27080471764754, 
            244.1839920914507, 
            240.0
        ], 
        [
            477.1827363501111, 
            239.22630596604847, 
            240.0
        ], 
        [
            465.4979161232594, 
            239.37383127240855, 
            240.0
        ], 
        [
            439.3624609445854, 
            241.17708982411227, 
            240.0
        ], 
        [
            421.9422648755698, 
            249.6933099282934, 
            240.0
        ], 
        [
            402.79413086474915, 
            250.10253331921285, 
            240.0
        ], 
        [
            400.72403670605246, 
            268.6735036043649, 
            240.0
        ], 
        [
            390.92052717185834, 
            276.8660631782949, 
            240.0
        ], 
        [
            376.68760267043484, 
            287.30991207264583, 
            240.0
        ], 
        [
            386.8805781578232, 
            292.0535853459684, 
            240.0
        ], 
        [
            404.49345850209414, 
            295.3811865448531, 
            240.0
        ], 
        [
            424.96686484284976, 
            290.1440563368675, 
            240.0
        ], 
        [
            466.8733551024585, 
            266.51582213363906, 
            240.0
        ], 
        [
            483.386229966574, 
            268.80020426491285, 
            240.0
        ], 
        [
            502.9464654581634, 
            272.5256233550484, 
            240.0
        ], 
        [
            519.6253952410203, 
            276.58207499993887, 
            240.0
        ], 
        [
            535.1170494172613, 
            280.1844062617598, 
            240.0
        ], 
        [
            440.17253136666676, 
            283.71845555433333, 
            240.0
        ], 
        [
            396.6081445429536, 
            318.74656846059565, 
            210.0
        ], 
        [
            416.5473352531388, 
            324.67518173400265, 
            210.0
        ], 
        [
            441.96738417401434, 
            321.27659737834324, 
            210.0
        ], 
        [
            452.91523312582126, 
            308.9923085371356, 
            210.0
        ], 
        [
            444.79230223225136, 
            294.7278439236552, 
            210.0
        ], 
        [
            459.8411393859129, 
            283.10690638327776, 
            210.0
        ], 
        [
            478.51826864272766, 
            279.8401251848022, 
            210.0
        ], 
        [
            497.66672179146326, 
            281.7903577268171, 
            210.0
        ], 
        [
            517.1737469498062, 
            287.803781932236, 
            210.0
        ], 
        [
            529.2725119377574, 
            301.6669514379097, 
            210.0
        ], 
        [
            546.3083617974123, 
            319.64264459269054, 
            210.0
        ], 
        [
            561.7629179047738, 
            332.52584884491273, 
            210.0
        ], 
        [
            564.2985565223155, 
            321.1600110008958, 
            210.0
        ], 
        [
            555.5020450992504, 
            305.1859427692201, 
            210.0
        ], 
        [
            540.7869717642221, 
            294.5348376947294, 
            210.0
        ], 
        [
            544.1213078669693, 
            278.92850490182263, 
            210.0
        ], 
        [
            544.7896132997643, 
            265.9413458638106, 
            210.0
        ], 
        [
            528.1412551031956, 
            260.1804424540687, 
            210.0
        ], 
        [
            513.6402358691223, 
            252.41648554626374, 
            210.0
        ], 
        [
            497.22879391109416, 
            242.51712941044877, 
            210.0
        ], 
        [
            481.23896828569383, 
            244.33406858346245, 
            210.0
        ], 
        [
            466.4590878847071, 
            246.60103746601442, 
            210.0
        ], 
        [
            453.5063407836818, 
            249.83400352046158, 
            210.0
        ], 
        [
            435.30509089472787, 
            245.4448031730385, 
            210.0
        ], 
        [
            417.68323809585627, 
            253.90135829939504, 
            210.0
        ], 
        [
            408.08871296762135, 
            262.0204538150365, 
            210.0
        ], 
        [
            423.66583117643245, 
            269.6258040563242, 
            210.0
        ], 
        [
            419.6911552667062, 
            282.9393453810526, 
            210.0
        ], 
        [
            405.93583287633766, 
            282.7332898571441, 
            210.0
        ], 
        [
            390.96561295260574, 
            287.9190890895874, 
            210.0
        ], 
        [
            376.0715757226658, 
            293.6738076062179, 
            210.0
        ], 
        [
            383.1913759548666, 
            309.18653584859953, 
            210.0
        ], 
        [
            397.92629764425146, 
            309.268207539011, 
            180.0
        ], 
        [
            415.56734728252366, 
            316.5386417296695, 
            180.0
        ], 
        [
            429.4530775054961, 
            306.9022007914908, 
            180.0
        ], 
        [
            444.9050106994948, 
            295.3365972539358, 
            180.0
        ], 
        [
            464.35285740000404, 
            296.6340184046993, 
            180.0
        ], 
        [
            482.76598267116543, 
            305.581657204041, 
            180.0
        ], 
        [
            473.60182888392796, 
            318.17203043048437, 
            180.0
        ], 
        [
            456.7992432297372, 
            327.54417305221716, 
            180.0
        ], 
        [
            455.69337194765944, 
            340.9301982082749, 
            180.0
        ], 
        [
            462.6291715915994, 
            362.0400868668278, 
            180.0
        ], 
        [
            524.2599511438034, 
            269.5795618251183, 
            180.0
        ], 
        [
            507.6244347215786, 
            262.1422482533526, 
            180.0
        ], 
        [
            488.7982351476387, 
            262.5252796266914, 
            180.0
        ], 
        [
            479.3081845997748, 
            271.74077330821365, 
            180.0
        ], 
        [
            465.537861756098, 
            277.36030148341695, 
            180.0
        ], 
        [
            444.4766244080989, 
            277.4122861049334, 
            180.0
        ], 
        [
            423.3970031493204, 
            270.50620300766445, 
            180.0
        ], 
        [
            404.8866173433318, 
            266.7973903423641, 
            180.0
        ], 
        [
            407.651116257755, 
            278.66689147853924, 
            180.0
        ], 
        [
            393.4719477652354, 
            291.2689914468107, 
            180.0
        ], 
        [
            533.4838592823012, 
            291.2195920209879, 
            180.0
        ], 
        [
            534.0103547279145, 
            311.4637769744993, 
            180.0
        ], 
        [
            546.4583108238091, 
            330.9245772826637, 
            180.0
        ], 
        [
            473.1299951845814, 
            365.49136918916486, 
            180.0
        ], 
        [
            503.2397801704725, 
            352.4140794220667, 
            180.0
        ], 
        [
            491.4840748586788, 
            361.18577606637007, 
            180.0
        ], 
        [
            525.0433570043349, 
            354.6367601682292, 
            180.0
        ], 
        [
            562.1055216650041, 
            340.7643237326207, 
            180.0
        ], 
        [
            556.5259446455635, 
            356.38431548572, 
            180.0
        ], 
        [
            580.8577652123874, 
            353.7272176525893, 
            180.0
        ], 
        [
            491.75955779942547, 
            295.3980353679169, 
            150.0
        ], 
        [
            506.3520892343388, 
            307.5621332346443, 
            150.0
        ], 
        [
            514.6328799837231, 
            318.69886177302305, 
            150.0
        ], 
        [
            514.5083929614987, 
            330.75609156237124, 
            150.0
        ], 
        [
            523.2895671505325, 
            341.24268306237786, 
            150.0
        ], 
        [
            524.9311861088589, 
            354.2201908690996, 
            150.0
        ], 
        [
            539.6206298141477, 
            368.0390792203093, 
            150.0
        ], 
        [
            557.678880841918, 
            366.6358492396955, 
            150.0
        ], 
        [
            571.032021478829, 
            369.1603789580836, 
            150.0
        ], 
        [
            533.3883280240136, 
            361.90924710079594, 
            150.0
        ], 
        [
            581.1693903268026, 
            364.40544472994657, 
            150.0
        ], 
        [
            558.6430082477766, 
            343.8771015375978, 
            150.0
        ], 
        [
            579.44957674423, 
            354.2511441790341, 
            150.0
        ], 
        [
            568.4098676006918, 
            346.58901546997174, 
            150.0
        ], 
        [
            549.2493620774699, 
            340.6747861030975, 
            150.0
        ], 
        [
            542.5728513639046, 
            328.22531366784847, 
            150.0
        ], 
        [
            544.5446318485384, 
            310.77797452522293, 
            150.0
        ], 
        [
            549.7555767087892, 
            291.20157167592436, 
            150.0
        ], 
        [
            542.4971130419164, 
            278.75326240938534, 
            150.0
        ], 
        [
            531.5753485496239, 
            270.1714035908259, 
            150.0
        ], 
        [
            516.0269446614246, 
            274.2353115437237, 
            150.0
        ], 
        [
            503.4980735835917, 
            280.2610222248188, 
            150.0
        ], 
        [
            497.0846138444946, 
            304.12381799696334, 
            120.0
        ], 
        [
            512.0919988774536, 
            309.2833237055503, 
            120.0
        ], 
        [
            523.8660101827127, 
            322.7763458451418, 
            120.0
        ], 
        [
            538.5497272709673, 
            330.81843437460554, 
            120.0
        ], 
        [
            544.119995727367, 
            316.5378145554006, 
            120.0
        ], 
        [
            556.4377688712344, 
            302.04526185321004, 
            120.0
        ], 
        [
            557.5276691825377, 
            287.6369141644428, 
            120.0
        ], 
        [
            547.3524714681791, 
            280.20036285875995, 
            120.0
        ], 
        [
            532.155754397743, 
            280.19734660635913, 
            120.0
        ], 
        [
            512.850178176384, 
            284.6610384333269, 
            120.0
        ], 
        [
            497.10312152144866, 
            291.00342286210423, 
            120.0
        ], 
        [
            491.8917406494086, 
            307.86765717991125, 
            90.0
        ], 
        [
            515.548506255593, 
            317.77371471702315, 
            90.0
        ], 
        [
            529.885108823532, 
            323.00931065543546, 
            90.0
        ], 
        [
            540.9916937878693, 
            317.7404690794218, 
            90.0
        ], 
        [
            547.2389209881176, 
            307.8632078140279, 
            90.0
        ], 
        [
            560.2035845760157, 
            286.86209485951383, 
            90.0
        ], 
        [
            553.6317924953005, 
            276.1046713547963, 
            90.0
        ], 
        [
            538.7524259374525, 
            282.98880594249727, 
            90.0
        ], 
        [
            530.2535530717679, 
            292.5845055711661, 
            90.0
        ], 
        [
            517.2124684465452, 
            295.22347172105015, 
            90.0
        ], 
        [
            501.3302250163526, 
            297.03812440370234, 
            90.0
        ], 
        [
            502.90243307056625, 
            312.91528303370285, 
            90.0
        ], 
        [
            551.0314660320283, 
            295.3808081815022, 
            90.0
        ], 
        [
            495.77457907915544, 
            312.7652962244889, 
            60.0
        ], 
        [
            504.7389877659092, 
            320.26077144931367, 
            60.0
        ], 
        [
            524.7969650445232, 
            317.97497496003314, 
            60.0
        ], 
        [
            529.2395421979619, 
            307.2403440023385, 
            60.0
        ], 
        [
            518.2133921526155, 
            301.1040554580761, 
            60.0
        ], 
        [
            507.09280118198797, 
            305.2197059984984, 
            60.0
        ], 
        [
            516.4513779973729, 
            322.33127482476755, 
            60.0
        ], 
        [
            508.930482774737, 
            312.47109876487133, 
            0.0
        ], 
        [
            521.2622321989303, 
            306.4227976183611, 
            0.0
        ], 
        [
            533.5846652937771, 
            306.36515174045854, 
            0.0
        ], 
        [
            545.489116552963, 
            306.3388529692374, 
            0.0
        ], 
        [
            554.5482679858887, 
            308.23647126118755, 
            0.0
        ], 
        [
            555.5384410690501, 
            316.7230465167635, 
            0.0
        ], 
        [
            543.326383241661, 
            318.48098739557815, 
            0.0
        ], 
        [
            529.0364583560626, 
            320.8194722962832, 
            0.0
        ], 
        [
            518.8650784051481, 
            321.1432736075294, 
            0.0
        ], 
        [
            505.31888712079547, 
            321.71655520695015, 
            0.0
        ], 
        [
            489.5680901174809, 
            308.7112022182209, 
            30.0
        ], 
        [
            499.40331590962285, 
            304.574915164791, 
            30.0
        ], 
        [
            516.6640652965652, 
            301.01386094301375, 
            30.0
        ], 
        [
            529.7112770592147, 
            297.6622438882661, 
            30.0
        ], 
        [
            542.7911149784563, 
            296.7635057984803, 
            30.0
        ], 
        [
            554.3439394000233, 
            294.0116065353633, 
            30.0
        ], 
        [
            563.2591056721124, 
            295.99854266678847, 
            30.0
        ], 
        [
            560.9488971220051, 
            308.298224063677, 
            30.0
        ], 
        [
            545.7524141631284, 
            312.5391209558384, 
            30.0
        ], 
        [
            534.9043045854644, 
            313.4298586789421, 
            30.0
        ], 
        [
            518.4466493191964, 
            314.0036913843564, 
            30.0
        ], 
        [
            502.9001403461298, 
            314.70752590688187, 
            30.0
        ], 
        [
            487.73832074121805, 
            316.93447868318293, 
            30.0
        ]
