        [
            414.33214436883657, 
            260.26104908582806, 
            600.0
        ], 
        [
            464.2930930973795, 
            354.1363646863397, 
            630.0000000000005
        ], 
        [
            422.527037715886, 
            293.28557562975425, 
            600.0
        ], 
        [
            413.1432990733524, 
            277.9892037770359, 
            600.0
        ], 
        [
            433.4219172634839, 
            258.32463509256127, 
            600.0
        ], 
        [
            450.03193184064605, 
            365.8432830323269, 
            630.0
        ], 
        [
            464.715367875036, 
            294.7705265730119, 
            600.0
        ], 
        [
            449.0263801792429, 
            290.5451481893784, 
            600.0
        ], 
        [
            534.8862058079609, 
            295.6024346145391, 
            600.0
        ], 
        [
            516.256183509797, 
            290.82258851092837, 
            600.0
        ], 
        [
            581.5717880674792, 
            340.1166673316361, 
            600.0
        ], 
        [
            621.6351229124222, 
            333.85621526301253, 
            600.0
        ], 
        [
            547.0767238427501, 
            315.3537829726077, 
            600.0
        ], 
        [
            673.3679732563943, 
            237.17484514236986, 
            600.0
        ], 
        [
            733.9345953705514, 
            233.31983151194083, 
            600.0
        ], 
        [
            716.8846912572196, 
            235.58885526363858, 
            600.0
        ], 
        [
            698.5613111231382, 
            235.791350793202, 
            600.0
        ], 
        [
            732.5515658253223, 
            324.57272956449856, 
            600.0000000000005
        ], 
        [
            691.7587573173053, 
            239.42975718493352, 
            630.0
        ], 
        [
            638.5768325896807, 
            238.2690742897529, 
            600.0
        ], 
        [
            498.8128464729101, 
            296.8909624474984, 
            600.0
        ], 
        [
            480.43170625503785, 
            291.9651276409079, 
            600.0
        ], 
        [
            513.4533204034922, 
            262.727341244442, 
            600.0
        ], 
        [
            501.3982763221596, 
            347.3250132650353, 
            630.0
        ], 
        [
            518.7331375170061, 
            340.94272867071504, 
            630.0
        ], 
        [
            536.0697984458568, 
            333.9112478306449, 
            630.0000000000005
        ], 
        [
            510.6709504365875, 
            368.536622123876, 
            630.0
        ], 
        [
            560.3404974347816, 
            314.7227260168597, 
            630.0
        ], 
        [
            559.0316391805179, 
            297.69993657784505, 
            630.0000000000005
        ], 
        [
            556.4746532408949, 
            281.28318837727477, 
            630.0
        ], 
        [
            571.6015884230762, 
            271.44501913160786, 
            630.0
        ], 
        [
            620.3185983349973, 
            273.11846917684414, 
            630.0
        ], 
        [
            552.1681746776666, 
            328.4911867812365, 
            630.0
        ], 
        [
            525.0381575514705, 
            363.3640812654096, 
            630.0000000000005
        ], 
        [
            662.3749646914248, 
            230.0956259321166, 
            630.0
        ], 
        [
            723.4042403366182, 
            260.1991825796835, 
            629.9999999999995
        ], 
        [
            719.7496678120156, 
            285.80201570018005, 
            630.0
        ], 
        [
            751.370512246901, 
            236.27305407638823, 
            600.0
        ], 
        [
            762.1867575986118, 
            245.53070581874547, 
            600.0
        ], 
        [
            757.3829037778428, 
            258.20482008267186, 
            600.0000000000005
        ], 
        [
            743.2014400479895, 
            265.1566691629048, 
            600.0
        ], 
        [
            737.9150931215263, 
            280.3315263249665, 
            600.0
        ], 
        [
            728.2608831754098, 
            295.3599094185097, 
            599.9999999999995
        ], 
        [
            737.2778800196919, 
            311.2039648618347, 
            600.0
        ], 
        [
            678.6377695396313, 
            230.76655295606116, 
            630.0
        ], 
        [
            707.5571382101343, 
            250.10964978165276, 
            629.9999999999995
        ], 
        [
            730.7893133659227, 
            273.7196078344453, 
            630.0
        ], 
        [
            719.2596748176277, 
            300.88814257230075, 
            629.9999999999995
        ], 
        [
            736.537282831169, 
            314.3218747309059, 
            630.0
        ], 
        [
            755.6849312655568, 
            313.340739585053, 
            630.0
        ], 
        [
            743.1989373371066, 
            341.0371397265512, 
            630.0000000000005
        ], 
        [
            766.5692536753015, 
            340.19579201131114, 
            630.0
        ], 
        [
            775.6690264178807, 
            328.5297810746106, 
            630.0000000000005
        ], 
        [
            651.9689660331069, 
            329.61941600829084, 
            630.0
        ], 
        [
            679.8549785835131, 
            331.41645989014035, 
            630.0
        ], 
        [
            702.5642836711778, 
            333.5262816226365, 
            630.0
        ], 
        [
            722.8307923001505, 
            338.7204396416664, 
            630.0000000000005
        ], 
        [
            633.675097175629, 
            334.22259810020273, 
            630.0000000000005
        ], 
        [
            613.4542171413278, 
            338.68449020044704, 
            630.0
        ], 
        [
            647.4387253535081, 
            237.12848520534368, 
            629.9999999999995
        ], 
        [
            656.5661576692474, 
            249.95265407097713, 
            630.0000000000005
        ], 
        [
            648.3520487132819, 
            260.95524778114697, 
            630.0
        ], 
        [
            636.7733843143626, 
            270.5779954500735, 
            630.0
        ], 
        [
            606.9865833447952, 
            269.5102227248472, 
            629.9999999999995
        ], 
        [
            592.2671245354265, 
            343.0276595247577, 
            630.0000000000005
        ], 
        [
            573.6135345462603, 
            344.11741293775094, 
            630.0
        ], 
        [
            537.5143489094291, 
            359.02975801524053, 
            630.0000000000005
        ], 
        [
            553.3178248766421, 
            352.1165754853673, 
            630.0000000000005
        ], 
        [
            588.3144296692775, 
            270.1406241826113, 
            630.0000000000005
        ], 
        [
            490.83330576605437, 
            369.6084987867191, 
            630.0
        ], 
        [
            483.4518464196356, 
            352.38112573973683, 
            630.0
        ], 
        [
            471.63673097412635, 
            371.35733141830235, 
            630.0
        ], 
        [
            657.7453839456529, 
            240.1864709295134, 
            600.0
        ], 
        [
            622.7482472030459, 
            243.12619117788608, 
            600.0
        ], 
        [
            617.0765792162294, 
            256.25948979011093, 
            600.0
        ], 
        [
            601.7773286770359, 
            263.2874505178471, 
            600.0
        ], 
        [
            575.4046324403106, 
            265.4055433887248, 
            600.0
        ], 
        [
            555.8085912696112, 
            267.7940951123345, 
            600.0
        ], 
        [
            641.8681724525421, 
            327.7979054905718, 
            600.0
        ], 
        [
            660.5086540836847, 
            331.18206719759803, 
            600.0
        ], 
        [
            678.4984016779946, 
            330.017308132885, 
            600.0
        ], 
        [
            695.2737721185946, 
            329.4448490780287, 
            600.0000000000005
        ], 
        [
            712.6913861973401, 
            328.89845670581497, 
            600.0
        ], 
        [
            541.3581834175836, 
            328.53939053293277, 
            600.0
        ], 
        [
            555.8120352575481, 
            341.68587543303374, 
            600.0
        ], 
        [
            549.0247518005464, 
            303.80025169194386, 
            600.0
        ], 
        [
            531.3878623823679, 
            264.1254599062201, 
            600.0
        ], 
        [
            496.8814461167671, 
            254.8427807498515, 
            600.0
        ], 
        [
            475.828669640687, 
            254.70753464471366, 
            600.0
        ], 
        [
            454.20669382982106, 
            258.3292914231324, 
            600.0
        ], 
        [
            370.12367048115726, 
            275.0224948657068, 
            570.0
        ], 
        [
            381.3244436835636, 
            293.7272169493952, 
            570.0
        ], 
        [
            404.0504482787826, 
            294.31864896789375, 
            570.0
        ], 
        [
            429.5358840353239, 
            291.5729290643618, 
            570.0
        ], 
        [
            446.5034184994663, 
            295.7865650558047, 
            570.0
        ], 
        [
            469.7538651454485, 
            291.5920288089978, 
            570.0
        ], 
        [
            495.4466562451532, 
            287.0495931271039, 
            570.0
        ], 
        [
            510.1564329901318, 
            301.9147170966312, 
            570.0
        ], 
        [
            529.3657035068834, 
            308.1856428386618, 
            570.0
        ], 
        [
            524.2658055142449, 
            328.85728674987314, 
            570.0
        ], 
        [
            535.199761289209, 
            345.79575138299685, 
            570.0
        ], 
        [
            559.8881968164926, 
            339.91968679186465, 
            570.0
        ], 
        [
            578.7942237209129, 
            331.6090057302307, 
            570.0
        ], 
        [
            597.5241124030872, 
            337.2375740581763, 
            570.0
        ], 
        [
            613.2002311395238, 
            318.8770632203157, 
            570.0
        ], 
        [
            635.4534419906784, 
            319.41309297077896, 
            570.0
        ], 
        [
            654.6730277477966, 
            320.23389173722796, 
            570.0
        ], 
        [
            673.1117386777686, 
            316.7252891087421, 
            570.0
        ], 
        [
            692.4020382265119, 
            316.94521840664004, 
            570.0
        ], 
        [
            709.7917740009068, 
            318.1769583800233, 
            570.0
        ], 
        [
            728.0998483319145, 
            309.7991641151433, 
            570.0
        ], 
        [
            747.7699013769875, 
            299.7485221335345, 
            570.0
        ], 
        [
            765.4515618709961, 
            297.97539019171984, 
            570.0
        ], 
        [
            785.4348459460506, 
            290.9895992784625, 
            570.0
        ], 
        [
            785.9131207226308, 
            272.8728786661801, 
            570.0
        ], 
        [
            791.2685120572467, 
            260.73028761970454, 
            570.0
        ], 
        [
            807.6442447139073, 
            253.37692301514852, 
            570.0
        ], 
        [
            812.126024774745, 
            237.5320171032149, 
            570.0
        ], 
        [
            805.1449209722223, 
            221.71325581179187, 
            570.0
        ], 
        [
            789.524728919551, 
            214.65621186883203, 
            570.0
        ], 
        [
            769.2372572320899, 
            212.54094743576286, 
            570.0
        ], 
        [
            757.926616905221, 
            204.7335895817498, 
            570.0
        ], 
        [
            745.1184915079409, 
            193.76516524557985, 
            570.0
        ], 
        [
            735.7824859377338, 
            184.3698842854172, 
            570.0
        ], 
        [
            716.7869416537179, 
            181.79401918145936, 
            570.0
        ], 
        [
            696.9425431631126, 
            188.15071435623167, 
            570.0
        ], 
        [
            682.7400766077865, 
            192.08684011701956, 
            570.0
        ], 
        [
            664.7951453320122, 
            197.4382355929277, 
            570.0
        ], 
        [
            641.6147743770175, 
            201.03987194951736, 
            570.0
        ], 
        [
            622.6586190980571, 
            204.47920326117273, 
            570.0
        ], 
        [
            603.6421321237765, 
            202.4946759904951, 
            570.0
        ], 
        [
            583.9224566971891, 
            207.6577638409006, 
            570.0
        ], 
        [
            564.3269265128533, 
            205.61097201352754, 
            570.0
        ], 
        [
            542.7126753569163, 
            211.77762833689997, 
            570.0
        ], 
        [
            523.4838533062002, 
            212.17423402083867, 
            570.0
        ], 
        [
            505.7063399565215, 
            204.29894349381354, 
            570.0
        ], 
        [
            489.1952876037839, 
            213.40129200958575, 
            570.0
        ], 
        [
            473.0305499631503, 
            207.49865375581726, 
            570.0
        ], 
        [
            456.88880079625386, 
            213.02812659160386, 
            570.0
        ], 
        [
            441.74463497683917, 
            220.46803035342634, 
            570.0
        ], 
        [
            428.12507148468256, 
            230.47837287262968, 
            570.0
        ], 
        [
            413.8452191707551, 
            241.02640723237226, 
            570.0
        ], 
        [
            402.1172907108499, 
            250.03934460319414, 
            570.0
        ], 
        [
            388.4187644884737, 
            260.65804499967214, 
            570.0
        ], 
        [
            351.6455208996962, 
            276.85878869738275, 
            540.0
        ], 
        [
            357.63902023305656, 
            293.07272879640124, 
            540.0
        ], 
        [
            373.17670970115074, 
            309.1174772166843, 
            540.0
        ], 
        [
            397.4900922530592, 
            309.89610358623054, 
            540.0
        ], 
        [
            419.08775767825057, 
            313.98897330722104, 
            540.0
        ], 
        [
            443.05761323828756, 
            318.33484050288615, 
            540.0
        ], 
        [
            469.2208823659145, 
            324.71843348553097, 
            540.0
        ], 
        [
            495.77281674309916, 
            327.53766969443836, 
            540.0
        ], 
        [
            518.4978106867617, 
            332.9588825191084, 
            540.0
        ], 
        [
            540.8977496683285, 
            329.92202444229406, 
            540.0
        ], 
        [
            574.1820654110956, 
            325.63174782733665, 
            540.0
        ], 
        [
            596.3567693207988, 
            318.95874888369974, 
            540.0
        ], 
        [
            616.1063708757351, 
            312.63053726095757, 
            540.0
        ], 
        [
            639.7766012283597, 
            315.1352265581219, 
            540.0
        ], 
        [
            661.3230193478535, 
            315.00884149948035, 
            540.0
        ], 
        [
            683.1271231598556, 
            318.51884464477916, 
            540.0
        ], 
        [
            704.2473643062812, 
            310.5241215730707, 
            540.0
        ], 
        [
            723.7274991778401, 
            307.16844067814475, 
            540.0
        ], 
        [
            744.4289037564342, 
            309.9560556859102, 
            540.0
        ], 
        [
            765.7359086745656, 
            312.8079782278418, 
            540.0
        ], 
        [
            779.5901168577539, 
            299.22997403462455, 
            540.0
        ], 
        [
            793.4356535338472, 
            285.66046846927225, 
            540.0
        ], 
        [
            802.8444563279436, 
            274.6364284018707, 
            540.0
        ], 
        [
            814.1921726686601, 
            262.02219178068344, 
            540.0
        ], 
        [
            820.8972097658548, 
            247.73130748956947, 
            540.0
        ], 
        [
            815.3672397980166, 
            229.7789748448196, 
            540.0
        ], 
        [
            799.4244287883957, 
            227.51498749176835, 
            540.0
        ], 
        [
            776.4948692559653, 
            223.3248145252206, 
            540.0
        ], 
        [
            760.4794494682337, 
            215.6713470197805, 
            540.0
        ], 
        [
            748.8394612030454, 
            206.08853850729994, 
            540.0
        ], 
        [
            737.8003661978498, 
            196.57545934344972, 
            540.0
        ], 
        [
            723.2270261713213, 
            186.7017583271364, 
            540.0
        ], 
        [
            648.4985311689726, 
            189.0657418399963, 
            540.0
        ], 
        [
            670.6236934543889, 
            194.35395245330187, 
            540.0
        ], 
        [
            694.3226702362855, 
            189.66100307082567, 
            540.0
        ], 
        [
            707.568126656794, 
            182.09026310943676, 
            540.0
        ], 
        [
            629.1046160909366, 
            186.4494052430889, 
            540.0
        ], 
        [
            606.8397007935854, 
            188.90069388098402, 
            540.0
        ], 
        [
            585.2871882855468, 
            190.23227862286248, 
            540.0
        ], 
        [
            565.0929387019963, 
            195.8791470106775, 
            540.0
        ], 
        [
            549.0382671297951, 
            184.06907395035057, 
            540.0
        ], 
        [
            529.6828797631031, 
            187.41493837815875, 
            540.0
        ], 
        [
            512.2141738954736, 
            189.76475632214812, 
            540.0
        ], 
        [
            506.8194199997407, 
            207.6891504683958, 
            540.0
        ], 
        [
            485.65483836661394, 
            205.47549083367295, 
            540.0
        ], 
        [
            463.143905129082, 
            204.91028485984958, 
            540.0
        ], 
        [
            441.16921640999726, 
            204.99671668126277, 
            540.0
        ], 
        [
            421.61154543806066, 
            216.07277927770807, 
            540.0
        ], 
        [
            398.9348654829299, 
            217.27565695195608, 
            540.0
        ], 
        [
            380.83359330759424, 
            220.1507396205219, 
            540.0
        ], 
        [
            365.4360265768948, 
            231.06963585352798, 
            540.0
        ], 
        [
            378.41164473226837, 
            248.56716381604022, 
            540.0
        ], 
        [
            371.22044744648724, 
            260.36917517285815, 
            540.0
        ], 
        [
            353.03721113614074, 
            263.83584112072595, 
            540.0
        ], 
        [
            345.7347576361995, 
            252.84787355056375, 
            510.0
        ], 
        [
            338.07160698929187, 
            267.83054156485036, 
            510.0
        ], 
        [
            337.8311365810732, 
            284.53300859233667, 
            510.0
        ], 
        [
            333.40318401884394, 
            305.3401874997624, 
            510.0
        ], 
        [
            358.5427812919656, 
            314.6042170008013, 
            510.0
        ], 
        [
            372.5432261272615, 
            323.3372416715267, 
            510.0
        ], 
        [
            394.74619443062363, 
            321.4095220889049, 
            510.0
        ], 
        [
            413.9636545747538, 
            330.9568454368833, 
            510.0
        ], 
        [
            435.5403167781009, 
            329.5257830285242, 
            510.0
        ], 
        [
            457.81768205139656, 
            327.59934433823184, 
            510.0
        ], 
        [
            479.54436520556345, 
            325.58050248143763, 
            510.0
        ], 
        [
            499.282006533195, 
            328.63641871591335, 
            510.0
        ], 
        [
            516.7112928770525, 
            331.33493968958976, 
            510.0
        ], 
        [
            534.8190726241626, 
            326.34713911955964, 
            510.0
        ], 
        [
            554.0191237765227, 
            322.11787289457624, 
            510.0
        ], 
        [
            573.3405235339336, 
            313.6929631496328, 
            510.0
        ], 
        [
            351.4904680780078, 
            238.74823138514557, 
            510.0
        ], 
        [
            365.5443953490973, 
            224.69819834625213, 
            510.0
        ], 
        [
            376.72376721597277, 
            210.18083741394457, 
            510.0
        ], 
        [
            393.2623424627492, 
            199.46484217734815, 
            510.0
        ], 
        [
            408.7320340488259, 
            199.41322206015963, 
            510.0
        ], 
        [
            426.6876291054658, 
            191.29643422552783, 
            510.0
        ], 
        [
            446.3406504188633, 
            187.64746771440832, 
            510.0
        ], 
        [
            466.52218177836437, 
            188.29920489974347, 
            510.0
        ], 
        [
            489.9268984671479, 
            187.62456423970582, 
            510.0
        ], 
        [
            513.0654341298675, 
            185.0888718274697, 
            510.0
        ], 
        [
            528.1401788435475, 
            177.0825826892044, 
            510.0
        ], 
        [
            549.1942256051611, 
            176.6362627347014, 
            510.0
        ], 
        [
            568.6105488859835, 
            171.69128154394878, 
            510.0
        ], 
        [
            587.4663427379239, 
            170.29421930657622, 
            510.0
        ], 
        [
            609.9601881564253, 
            172.48008013971196, 
            510.0
        ], 
        [
            630.2258465957724, 
            173.72008222116904, 
            510.0
        ], 
        [
            651.00012692428, 
            175.64331517809012, 
            510.0
        ], 
        [
            662.2086423634998, 
            166.38309321133613, 
            510.0
        ], 
        [
            679.4612321118196, 
            175.07467490525482, 
            510.0
        ], 
        [
            693.370528701171, 
            185.69726176490974, 
            510.0
        ], 
        [
            712.3311983322416, 
            187.95485749438717, 
            510.0
        ], 
        [
            725.3706664325041, 
            196.62329483016686, 
            510.0
        ], 
        [
            744.6382446018629, 
            200.7564288424408, 
            510.0
        ], 
        [
            763.3379886708483, 
            218.8066778829437, 
            510.0
        ], 
        [
            781.6473685527283, 
            235.57713866328373, 
            510.0
        ], 
        [
            804.1455945182963, 
            245.68666282223137, 
            510.0
        ], 
        [
            797.7881578177585, 
            264.7712832392524, 
            510.0
        ], 
        [
            784.1084725098323, 
            277.2460026933909, 
            510.0
        ], 
        [
            761.2303839010627, 
            287.07794159384486, 
            510.0
        ], 
        [
            745.860027980357, 
            295.6167579466545, 
            510.0
        ], 
        [
            740.6870637048553, 
            308.1232212770281, 
            510.0
        ], 
        [
            719.276954498661, 
            316.9087885911988, 
            510.0
        ], 
        [
            700.1951082408634, 
            315.7823638354702, 
            510.0
        ], 
        [
            674.6608616309119, 
            320.89197321539706, 
            510.0
        ], 
        [
            649.8804440891552, 
            314.6648966859398, 
            510.0
        ], 
        [
            628.5376046218666, 
            305.95872401407195, 
            510.0
        ], 
        [
            608.8507667610345, 
            308.9463965760939, 
            510.0
        ], 
        [
            590.453370478735, 
            311.5241148219295, 
            510.0
        ], 
        [
            343.54182569241357, 
            312.2791935550393, 
            510.0
        ], 
        [
            332.40120136983063, 
            278.903203663749, 
            480.0
        ], 
        [
            327.3029578609605, 
            262.69878779214173, 
            480.0
        ], 
        [
            335.19651237054063, 
            249.6639324320119, 
            480.0
        ], 
        [
            341.6218128797468, 
            231.0310268583346, 
            480.0
        ], 
        [
            339.83973082339884, 
            212.30290286407154, 
            480.0
        ], 
        [
            351.38749201027696, 
            198.56596307686925, 
            480.0
        ], 
        [
            365.58285957823034, 
            190.58220544748588, 
            480.0
        ], 
        [
            385.6956202658632, 
            190.05905471498033, 
            480.0
        ], 
        [
            405.5317201780886, 
            187.69582345114122, 
            480.0
        ], 
        [
            427.51405500532394, 
            186.849057431176, 
            480.0
        ], 
        [
            443.35836953496664, 
            183.86718775451538, 
            480.0
        ], 
        [
            462.0303106341502, 
            185.50376856471223, 
            480.0
        ], 
        [
            515.5182072461087, 
            181.01979106617648, 
            480.0
        ], 
        [
            498.8449173613025, 
            188.69343210607678, 
            480.0
        ], 
        [
            480.14040086879777, 
            187.05401250414707, 
            480.0
        ], 
        [
            528.7351785946057, 
            172.80846205693672, 
            480.0
        ], 
        [
            548.6484415906837, 
            167.400864975422, 
            480.0
        ], 
        [
            567.6268668785922, 
            175.0836936621355, 
            480.0
        ], 
        [
            586.5201428398236, 
            172.5225505846007, 
            480.0
        ], 
        [
            608.0541520887182, 
            172.16167879914826, 
            480.0
        ], 
        [
            625.7301545322676, 
            170.00807543748, 
            480.0
        ], 
        [
            639.1612279545908, 
            161.17334647145094, 
            480.0
        ], 
        [
            656.8456924669728, 
            169.87643922929965, 
            480.0
        ], 
        [
            673.1936300147131, 
            172.34240215329157, 
            480.0
        ], 
        [
            685.0359836996679, 
            183.78963575116563, 
            480.0
        ], 
        [
            700.8134057398249, 
            186.172784871648, 
            480.0
        ], 
        [
            717.4699181918654, 
            190.50065248382623, 
            480.0
        ], 
        [
            727.9432254945173, 
            202.95217170224345, 
            480.0
        ], 
        [
            739.1793756140363, 
            217.92872811149812, 
            480.0
        ], 
        [
            757.9286839522683, 
            217.15010114766017, 
            480.0
        ], 
        [
            771.4264458861094, 
            229.45541606384074, 
            480.0
        ], 
        [
            781.0261508277623, 
            239.96076815950215, 
            480.0
        ], 
        [
            772.906619668795, 
            255.59960926304603, 
            480.0
        ], 
        [
            760.5286601346227, 
            268.1568274694952, 
            480.0
        ], 
        [
            750.2246624216634, 
            279.2065591390012, 
            480.0
        ], 
        [
            731.0023502532395, 
            286.47355633881045, 
            480.0
        ], 
        [
            717.6188099539174, 
            298.2164382159851, 
            480.0
        ], 
        [
            699.033268259959, 
            305.5469875310634, 
            480.0
        ], 
        [
            681.2422443588077, 
            315.3761796151568, 
            480.0
        ], 
        [
            659.940167631037, 
            310.90328354861987, 
            480.0
        ], 
        [
            642.4402117243742, 
            301.63745896205654, 
            480.0
        ], 
        [
            623.1873910886859, 
            302.860292482934, 
            480.0
        ], 
        [
            604.7297443647002, 
            303.00692725275746, 
            480.0
        ], 
        [
            586.772807157935, 
            303.8242390385628, 
            480.0
        ], 
        [
            564.0170915852262, 
            308.6671999192289, 
            480.0
        ], 
        [
            553.5625773323461, 
            316.26251817926334, 
            480.0
        ], 
        [
            525.4391574636692, 
            319.9795830124874, 
            480.0
        ], 
        [
            508.15694444315625, 
            324.4420925930894, 
            480.0
        ], 
        [
            491.0844886712533, 
            327.7407707334483, 
            480.0
        ], 
        [
            472.77421571036746, 
            327.87437821570376, 
            480.0
        ], 
        [
            455.75611154469414, 
            334.7268786380623, 
            480.0
        ], 
        [
            438.6336660303964, 
            335.0349325191595, 
            480.0
        ], 
        [
            422.67477987794115, 
            335.5207060638101, 
            480.0
        ], 
        [
            407.04947303029087, 
            341.38033787434915, 
            480.0
        ], 
        [
            385.8523478614917, 
            338.08797591448376, 
            480.0
        ], 
        [
            375.44411248023926, 
            322.27714982562, 
            480.0
        ], 
        [
            360.98570727949823, 
            313.5273515408782, 
            480.0
        ], 
        [
            345.4163337888725, 
            296.90982057610785, 
            480.0
        ], 
        [
            416.9267016287903, 
            187.93901642998605, 
            480.0
        ], 
        [
            538.2958221360799, 
            319.4046977114606, 
            480.0
        ], 
        [
            343.32140214730657, 
            285.2984974120916, 
            480.0
        ], 
        [
            334.58727113691623, 
            240.10758645332146, 
            480.0
        ], 
        [
            344.12178923791896, 
            283.73213280769096, 
            450.0
        ], 
        [
            357.92266797778285, 
            294.7725699485603, 
            450.0
        ], 
        [
            375.74611294215265, 
            304.5837721697176, 
            450.0
        ], 
        [
            391.2663413138396, 
            313.83077853541045, 
            450.0
        ], 
        [
            410.2756232687574, 
            313.6200218528927, 
            450.0
        ], 
        [
            432.16272782531007, 
            319.2691599863364, 
            450.0
        ], 
        [
            450.62873039812337, 
            320.2463510936509, 
            450.0
        ], 
        [
            467.96130903043206, 
            320.64752610421533, 
            450.0
        ], 
        [
            718.5138098689806, 
            292.3437041050122, 
            450.0
        ], 
        [
            702.0924213006343, 
            290.74773732961603, 
            450.0
        ], 
        [
            684.4855795472943, 
            290.3581775023953, 
            450.0
        ], 
        [
            671.5766582985963, 
            290.5093764573352, 
            450.0
        ], 
        [
            656.8638949918163, 
            293.6560310514078, 
            450.0
        ], 
        [
            638.1366436650515, 
            293.2792185217769, 
            450.0
        ], 
        [
            616.5460603701863, 
            290.5596851940629, 
            450.0
        ], 
        [
            597.2400474450759, 
            292.5677247444727, 
            450.0
        ], 
        [
            577.3699588504572, 
            295.17307445053143, 
            450.0
        ], 
        [
            555.7084303145377, 
            303.72016626560696, 
            450.0
        ], 
        [
            542.3088329919943, 
            305.64801877638547, 
            450.0
        ], 
        [
            529.3926859583329, 
            317.61825676978754, 
            450.0
        ], 
        [
            512.5733247003332, 
            317.2114429361054, 
            450.0
        ], 
        [
            493.97455319305527, 
            323.314686265913, 
            450.0
        ], 
        [
            466.2041940994641, 
            162.35817086029942, 
            450.0
        ], 
        [
            445.1873149615111, 
            165.6916874767952, 
            450.0
        ], 
        [
            422.44351217828944, 
            172.64406850695093, 
            450.0
        ], 
        [
            400.9153101267897, 
            178.36622358430645, 
            450.0
        ], 
        [
            382.90425053192746, 
            186.41539636563675, 
            450.0
        ], 
        [
            371.874842601913, 
            197.32898692310062, 
            450.0
        ], 
        [
            359.13208277602257, 
            208.84152754812544, 
            450.0
        ], 
        [
            355.65426040733956, 
            227.33350130623455, 
            450.0
        ], 
        [
            345.2655002697488, 
            241.72162308799545, 
            450.0
        ], 
        [
            336.6286683547272, 
            256.05325548793485, 
            450.0
        ], 
        [
            332.0389835113232, 
            272.66476367260327, 
            450.0
        ], 
        [
            710.3534263293443, 
            182.08462375331396, 
            450.0
        ], 
        [
            696.9526234908512, 
            172.62488730831058, 
            450.0
        ], 
        [
            687.7006993558691, 
            162.4923100942441, 
            450.0
        ], 
        [
            671.2495005909807, 
            157.30822217772504, 
            450.0
        ], 
        [
            650.536224934514, 
            159.449417685703, 
            450.0
        ], 
        [
            631.0435638766944, 
            160.96484761565875, 
            450.0
        ], 
        [
            607.4364765241537, 
            163.7498639477575, 
            450.0
        ], 
        [
            586.8882952436164, 
            161.05689340290542, 
            450.0
        ], 
        [
            569.7947642208352, 
            164.94215388297346, 
            450.0
        ], 
        [
            552.1699878570648, 
            166.42223665139034, 
            450.0
        ], 
        [
            536.3043938230513, 
            169.6783598912698, 
            450.0
        ], 
        [
            520.5229957437267, 
            166.91629523837787, 
            450.0
        ], 
        [
            504.739950578337, 
            165.35887986280966, 
            450.0
        ], 
        [
            486.6262613089111, 
            164.44059739409147, 
            450.0
        ], 
        [
            766.4964757095574, 
            211.4244623637677, 
            450.0
        ], 
        [
            747.0932779872007, 
            205.67378177543958, 
            450.0
        ], 
        [
            744.3931784549333, 
            194.8579900582546, 
            450.0
        ], 
        [
            729.1337410659435, 
            189.04790837881103, 
            450.0
        ], 
        [
            781.1952965760113, 
            216.03857994195675, 
            450.0
        ], 
        [
            787.3351095256686, 
            230.403818537368, 
            450.0
        ], 
        [
            779.2990512851387, 
            243.13351753105042, 
            450.0
        ], 
        [
            770.1272619301947, 
            254.65333592772845, 
            450.0
        ], 
        [
            756.2340947676876, 
            266.8082785933981, 
            450.0
        ], 
        [
            747.6790612922166, 
            278.87143656859996, 
            450.0
        ], 
        [
            730.6012120098235, 
            278.48000844057515, 
            450.0
        ], 
        [
            350.1981968899695, 
            251.1601022483677, 
            420.0
        ], 
        [
            349.264886812923, 
            268.8796746058035, 
            420.0
        ], 
        [
            342.5907282772835, 
            283.24042358536, 
            420.0
        ], 
        [
            356.4419496922488, 
            297.3602268975569, 
            420.0
        ], 
        [
            375.9689523930524, 
            307.9948523279464, 
            420.0
        ], 
        [
            398.8321986959209, 
            309.4506136458833, 
            420.0
        ], 
        [
            418.8372625842925, 
            309.2238441908925, 
            420.0
        ], 
        [
            437.20300782941433, 
            314.16689995854074, 
            420.0
        ], 
        [
            472.13358877031015, 
            170.05032237737552, 
            420.0
        ], 
        [
            452.08406390110736, 
            169.76155836421924, 
            420.0
        ], 
        [
            435.4759826769493, 
            168.8525123842694, 
            420.0
        ], 
        [
            416.10907974304996, 
            175.41675187924523, 
            420.0
        ], 
        [
            398.490602925031, 
            183.66673530511565, 
            420.0
        ], 
        [
            383.2211883827649, 
            196.45075944135527, 
            420.0
        ], 
        [
            370.17555234355297, 
            203.48447808065117, 
            420.0
        ], 
        [
            360.6854193357777, 
            221.32111449029043, 
            420.0
        ], 
        [
            356.3235469575364, 
            238.5154424301563, 
            420.0
        ], 
        [
            505.35542996815076, 
            167.2893578015519, 
            420.0
        ], 
        [
            489.3191147396601, 
            169.23472484995517, 
            420.0
        ], 
        [
            526.029232988912, 
            168.14225412380014, 
            420.0
        ], 
        [
            543.3355408132651, 
            174.20317309889464, 
            420.0
        ], 
        [
            557.2537383908642, 
            184.32998121965935, 
            420.0
        ], 
        [
            569.7783696703962, 
            173.83209774294406, 
            420.0
        ], 
        [
            584.0561944358592, 
            165.0256362282741, 
            420.0
        ], 
        [
            607.0576292671362, 
            162.40288621469648, 
            420.0
        ], 
        [
            624.4003010193547, 
            166.74927712964913, 
            420.0
        ], 
        [
            639.4340724187176, 
            169.9826737905115, 
            420.0
        ], 
        [
            655.6740914867144, 
            176.64879581185696, 
            420.0
        ], 
        [
            672.9732609805852, 
            174.6830777203303, 
            420.0
        ], 
        [
            689.8138135292, 
            181.34737532891063, 
            420.0
        ], 
        [
            707.1584018092474, 
            181.10718872935493, 
            420.0
        ], 
        [
            724.0588931221525, 
            190.65499215673714, 
            420.0
        ], 
        [
            737.496795420605, 
            200.25641339304315, 
            420.0
        ], 
        [
            754.9986741966444, 
            209.80962457297102, 
            420.0
        ], 
        [
            755.1945104783136, 
            225.35461000010577, 
            420.0
        ], 
        [
            753.6372758520911, 
            239.77108121174663, 
            420.0
        ], 
        [
            749.1683004326501, 
            253.0717821543186, 
            420.0
        ], 
        [
            750.5010904542441, 
            266.87635731486307, 
            420.0
        ], 
        [
            738.4510180333766, 
            276.2345475678707, 
            420.0
        ], 
        [
            723.4830602873676, 
            283.3203839690831, 
            420.0
        ], 
        [
            700.3469180634635, 
            284.1684458662431, 
            420.0
        ], 
        [
            682.4184873685406, 
            283.8044210500298, 
            420.0
        ], 
        [
            664.5386536273086, 
            286.3149284393204, 
            420.0
        ], 
        [
            645.5245085734061, 
            289.4117926427269, 
            420.0
        ], 
        [
            628.7958662737259, 
            289.60723341733626, 
            420.0
        ], 
        [
            608.6634065649632, 
            293.28826848262145, 
            420.0
        ], 
        [
            589.6353246893177, 
            291.7869929592125, 
            420.0
        ], 
        [
            571.2811781885723, 
            297.1656853164313, 
            420.0
        ], 
        [
            559.2789758929109, 
            303.6155081827875, 
            420.0
        ], 
        [
            547.8292413523221, 
            307.76164237606105, 
            420.0
        ], 
        [
            529.4565100681208, 
            309.1167564482716, 
            420.0
        ], 
        [
            512.2452354971028, 
            310.4579126880503, 
            420.0
        ], 
        [
            500.2705669240317, 
            316.89716708329166, 
            420.0
        ], 
        [
            471.70488581117456, 
            325.8077647773681, 
            420.0
        ], 
        [
            455.064744591195, 
            323.7002182053235, 
            420.0
        ], 
        [
            487.11332042013896, 
            319.9088032564084, 
            420.0
        ], 
        [
            466.5972247329885, 
            306.07321707406777, 
            390.0
        ], 
        [
            451.2184147610903, 
            302.2751027177279, 
            390.0
        ], 
        [
            430.6905516949047, 
            294.00028964393584, 
            390.0
        ], 
        [
            416.02259469377316, 
            300.40983650587305, 
            390.0
        ], 
        [
            401.28941916142986, 
            300.5794051268138, 
            390.0
        ], 
        [
            385.9789458666721, 
            299.05513881510205, 
            390.0
        ], 
        [
            372.3489320202118, 
            295.24584957532227, 
            390.0
        ], 
        [
            363.1382285275283, 
            281.75607539303104, 
            390.0
        ], 
        [
            357.87605470743756, 
            267.0912155927686, 
            390.0
        ], 
        [
            357.13821458348343, 
            252.3738209886006, 
            390.0
        ], 
        [
            358.6819611685995, 
            239.32763449727926, 
            390.0
        ], 
        [
            358.5161532057904, 
            225.17092169975533, 
            390.0
        ], 
        [
            370.2797086189962, 
            215.38742223435682, 
            390.0
        ], 
        [
            384.8783118541394, 
            205.56152271466465, 
            390.0
        ], 
        [
            396.0405310158804, 
            191.81025538126363, 
            390.0
        ], 
        [
            413.47963995032205, 
            181.3668190294239, 
            390.0
        ], 
        [
            430.9708627814221, 
            174.31814615900402, 
            390.0
        ], 
        [
            447.8864062835845, 
            165.57126552874752, 
            390.0
        ], 
        [
            466.0436432284149, 
            164.74502221803294, 
            390.0
        ], 
        [
            486.54873770416464, 
            168.99404226058797, 
            390.0
        ], 
        [
            505.33083925316294, 
            170.4316045695769, 
            390.0
        ], 
        [
            527.5084855917314, 
            168.98172991637432, 
            390.0
        ], 
        [
            544.0710040369105, 
            172.72576228207532, 
            390.0
        ], 
        [
            558.3787283940255, 
            177.64119932015566, 
            390.0
        ], 
        [
            572.5841244992043, 
            173.46171872328, 
            390.0
        ], 
        [
            589.0245225343699, 
            164.69736661594953, 
            390.0
        ], 
        [
            606.7501970802371, 
            166.7214608924147, 
            390.0
        ], 
        [
            628.4617191195266, 
            166.4135137473171, 
            390.0
        ], 
        [
            646.2372358730729, 
            170.14821720194288, 
            390.0
        ], 
        [
            664.0682809021125, 
            177.3037073279242, 
            390.0
        ], 
        [
            683.0301835042192, 
            182.16914396606631, 
            390.0
        ], 
        [
            701.9714904921066, 
            184.18775467452735, 
            390.0
        ], 
        [
            718.7325337638683, 
            194.22426335664977, 
            390.0
        ], 
        [
            729.8150256880219, 
            208.3384096457008, 
            390.0
        ], 
        [
            739.7689308271075, 
            223.61598674147083, 
            390.0
        ], 
        [
            743.4445144309124, 
            241.83453461278896, 
            390.0
        ], 
        [
            747.0921727121993, 
            257.77378641849015, 
            390.0
        ], 
        [
            735.7128799752454, 
            266.4757053772473, 
            390.0
        ], 
        [
            722.5808610092977, 
            272.3415415832428, 
            390.0
        ], 
        [
            705.2979942135468, 
            266.84442530556646, 
            390.0
        ], 
        [
            688.6859708853492, 
            268.18634500043174, 
            390.0
        ], 
        [
            669.2569012605725, 
            272.4117620822806, 
            390.0
        ], 
        [
            652.6971193090465, 
            276.02997241824903, 
            390.0
        ], 
        [
            637.8640569821491, 
            279.62541546792727, 
            390.0
        ], 
        [
            621.3039243014783, 
            281.530688668229, 
            390.0
        ], 
        [
            605.8902467257728, 
            282.85194250349707, 
            390.0
        ], 
        [
            591.0709491840771, 
            285.3038189091245, 
            390.0
        ], 
        [
            575.7593306689246, 
            293.4501961189886, 
            390.0
        ], 
        [
            564.4345098627043, 
            300.40840885304357, 
            390.0
        ], 
        [
            549.5911631979657, 
            298.87255502079427, 
            390.0
        ], 
        [
            535.9167263768259, 
            299.0299382942652, 
            390.0
        ], 
        [
            521.6943449936923, 
            300.3304304963949, 
            390.0
        ], 
        [
            505.7801793797614, 
            302.21788349112023, 
            390.0
        ], 
        [
            487.04046582265653, 
            304.7045104329266, 
            390.0
        ], 
        [
            374.8393111663167, 
            240.2216035336828, 
            360.0
        ], 
        [
            387.13607627034474, 
            255.65836482636644, 
            360.0
        ], 
        [
            393.79364442932956, 
            271.61751337200894, 
            360.0
        ], 
        [
            404.95111665509654, 
            286.4538634283361, 
            360.0
        ], 
        [
            423.46677150940826, 
            293.3814004170985, 
            360.0
        ], 
        [
            443.15584301301124, 
            294.0726098870161, 
            360.0
        ], 
        [
            460.58220794810165, 
            297.02093050707083, 
            360.0
        ], 
        [
            480.85937400361126, 
            296.5810511606357, 
            360.0
        ], 
        [
            501.74442528536713, 
            292.7359772874391, 
            360.0
        ], 
        [
            519.772266456795, 
            293.9853687098576, 
            360.0
        ], 
        [
            537.3245958333966, 
            287.84182344807886, 
            360.0
        ], 
        [
            556.4516019877065, 
            293.07831943663155, 
            360.0
        ], 
        [
            575.5521684036632, 
            300.58893403486917, 
            360.0
        ], 
        [
            590.4158081792629, 
            286.46369055886424, 
            360.0
        ], 
        [
            610.7982911946566, 
            283.74325219667537, 
            360.0
        ], 
        [
            628.9732424662803, 
            278.15929657776485, 
            360.0
        ], 
        [
            643.6912354545004, 
            277.6788983025163, 
            360.0
        ], 
        [
            658.5202306892465, 
            270.35827946265016, 
            360.0
        ], 
        [
            679.6132301566403, 
            261.92674641175296, 
            360.0
        ], 
        [
            696.0402866085714, 
            262.5940316805822, 
            360.0
        ], 
        [
            708.7190118153587, 
            250.6756128962502, 
            360.0
        ], 
        [
            712.3793712266183, 
            235.8335399704959, 
            360.0
        ], 
        [
            712.6064835977245, 
            222.67376946268536, 
            360.0
        ], 
        [
            732.0325114319468, 
            216.47854694650977, 
            360.0
        ], 
        [
            725.4468557553228, 
            203.26248483564802, 
            360.0
        ], 
        [
            718.2575290398797, 
            191.75471812934222, 
            360.0
        ], 
        [
            705.3183926873996, 
            183.65597392152654, 
            360.0
        ], 
        [
            684.3796923574137, 
            177.813013812676, 
            360.0
        ], 
        [
            666.8436672880093, 
            172.56113466411261, 
            360.0
        ], 
        [
            650.4017804948576, 
            170.1857625021188, 
            360.0
        ], 
        [
            632.2517854455008, 
            168.37691726343678, 
            360.0
        ], 
        [
            613.524075575021, 
            167.71389055227894, 
            360.0
        ], 
        [
            594.8115442487378, 
            166.47728303552287, 
            360.0
        ], 
        [
            573.8373209026013, 
            165.2304221780753, 
            360.0
        ], 
        [
            555.7131528638556, 
            163.42372942787972, 
            360.0
        ], 
        [
            533.6090971660291, 
            163.31983659657124, 
            360.0
        ], 
        [
            514.3308131312644, 
            164.9495010397403, 
            360.0
        ], 
        [
            494.50872324158325, 
            165.42916660427625, 
            360.0
        ], 
        [
            478.64189450667646, 
            167.64645566871877, 
            360.0
        ], 
        [
            457.6516238659566, 
            174.99220804023787, 
            360.0
        ], 
        [
            447.97818319890763, 
            182.95837457774144, 
            360.0
        ], 
        [
            437.1482999401539, 
            195.4860519317769, 
            360.0
        ], 
        [
            425.81154338641204, 
            201.71389927040292, 
            360.0
        ], 
        [
            407.70669623776934, 
            209.04355651402187, 
            360.0
        ], 
        [
            391.3133799411949, 
            215.80479753031335, 
            360.0
        ], 
        [
            382.79518715029786, 
            227.16321813342984, 
            360.0
        ], 
        [
            374.21706328320306, 
            259.8424665559955, 
            330.0
        ], 
        [
            368.3418846109173, 
            278.3297316486428, 
            330.0
        ], 
        [
            380.20372977023146, 
            290.99567590557524, 
            330.0
        ], 
        [
            396.4559436329222, 
            298.58555889950617, 
            330.0
        ], 
        [
            415.418465385876, 
            300.00520305418473, 
            330.0
        ], 
        [
            433.3341884276069, 
            305.90396175265835, 
            330.0
        ], 
        [
            449.5185135907822, 
            306.8050256261185, 
            330.0
        ], 
        [
            465.07894348870167, 
            302.13217425427456, 
            330.0
        ], 
        [
            477.3193065477651, 
            299.17695304129506, 
            330.0
        ], 
        [
            491.30390831397534, 
            301.22377548630925, 
            330.0
        ], 
        [
            504.16920330321955, 
            302.72772905351445, 
            330.0
        ], 
        [
            523.1778000341437, 
            303.59178874870133, 
            330.0
        ], 
        [
            576.7904425828202, 
            297.2868735635745, 
            330.0
        ], 
        [
            557.2586324546921, 
            301.46118164370415, 
            330.0
        ], 
        [
            544.4038560171301, 
            302.1914750008357, 
            330.0
        ], 
        [
            668.8578212855945, 
            218.21150155970886, 
            330.0
        ], 
        [
            661.1789108019153, 
            232.88561501219584, 
            330.0
        ], 
        [
            656.3207518861743, 
            248.63512363089276, 
            330.0
        ], 
        [
            650.3082005852377, 
            261.5969798271341, 
            330.0
        ], 
        [
            641.4324354713973, 
            269.55672827868176, 
            330.0
        ], 
        [
            629.2035091782102, 
            278.1194083586256, 
            330.0
        ], 
        [
            611.8962291312241, 
            283.3906433837526, 
            330.0
        ], 
        [
            594.611662735044, 
            289.7776223263746, 
            330.0
        ], 
        [
            552.3341930281772, 
            177.37248930025422, 
            330.0
        ], 
        [
            567.3820586941324, 
            172.10958393536828, 
            330.0
        ], 
        [
            586.4619336457841, 
            175.18142866212912, 
            330.0
        ], 
        [
            604.4302211697859, 
            178.2715105270482, 
            330.0
        ], 
        [
            620.7593161348636, 
            184.18783537805956, 
            330.0
        ], 
        [
            638.7015171463504, 
            183.9207702683186, 
            330.0
        ], 
        [
            652.1228336480706, 
            180.3592476961326, 
            330.0
        ], 
        [
            664.5016490273116, 
            182.97636535883356, 
            330.0
        ], 
        [
            676.9789291177028, 
            193.43896719122972, 
            330.0
        ], 
        [
            670.3312210535809, 
            200.82152637900046, 
            330.0
        ], 
        [
            517.664631054793, 
            178.45147452251342, 
            330.0
        ], 
        [
            533.8305495781851, 
            174.29313406497005, 
            330.0
        ], 
        [
            497.0578199514892, 
            184.35170577534382, 
            330.0
        ], 
        [
            441.9980627609964, 
            201.374299021725, 
            330.0
        ], 
        [
            461.51360888526347, 
            199.9700180884265, 
            330.0
        ], 
        [
            479.2627526905967, 
            190.7658389189403, 
            330.0
        ], 
        [
            423.6375555774281, 
            204.99500316918864, 
            330.0
        ], 
        [
            407.4935952903106, 
            206.90653694072077, 
            330.0
        ], 
        [
            391.981073273847, 
            213.83207775162705, 
            330.0
        ], 
        [
            387.756241373991, 
            231.19549172015527, 
            330.0
        ], 
        [
            380.13162141522935, 
            244.13839655023475, 
            330.0
        ], 
        [
            355.9249237961394, 
            283.5840730951787, 
            300.0
        ], 
        [
            352.9880875162538, 
            270.36004527556406, 
            300.0
        ], 
        [
            363.31778319331556, 
            259.16135503902393, 
            300.0
        ], 
        [
            353.79160078459785, 
            248.23829524856833, 
            300.0
        ], 
        [
            370.22904443663134, 
            239.71207416725525, 
            300.0
        ], 
        [
            388.8833205228934, 
            231.14978422047886, 
            300.0
        ], 
        [
            397.57743127605056, 
            220.51324884577028, 
            300.0
        ], 
        [
            411.82817722320453, 
            212.00586218299622, 
            300.0
        ], 
        [
            431.7224373917649, 
            211.7159669442128, 
            300.0
        ], 
        [
            454.407256078112, 
            212.49292319128259, 
            300.0
        ], 
        [
            469.2358920694174, 
            203.96876090796044, 
            300.0
        ], 
        [
            488.529208580249, 
            197.59100028434574, 
            300.0
        ], 
        [
            513.9205130436007, 
            190.5649682637196, 
            300.0
        ], 
        [
            532.6710480255416, 
            183.0786337372451, 
            300.0
        ], 
        [
            550.9337506218799, 
            180.0326967870148, 
            300.0
        ], 
        [
            568.0891517749055, 
            176.44716719228305, 
            300.0
        ], 
        [
            588.1187805329847, 
            180.030794445361, 
            300.0
        ], 
        [
            607.0475459510698, 
            183.63278731562187, 
            300.0
        ], 
        [
            622.6989111638333, 
            191.17114669344585, 
            300.0
        ], 
        [
            641.1012280966545, 
            195.89568842402932, 
            300.0
        ], 
        [
            654.675313304686, 
            214.57474164138216, 
            300.0
        ], 
        [
            653.324686188553, 
            240.68596966852186, 
            300.0
        ], 
        [
            650.7071609187497, 
            254.04342603381838, 
            300.0
        ], 
        [
            633.6276286252202, 
            266.488007364082, 
            300.0
        ], 
        [
            619.3210042841586, 
            277.7785283659787, 
            300.0
        ], 
        [
            598.2983236673854, 
            284.16445432562745, 
            300.0
        ], 
        [
            477.6300863470037, 
            296.31822778233425, 
            300.0
        ], 
        [
            457.13021065372385, 
            293.82673843620114, 
            300.0
        ], 
        [
            437.2082948851165, 
            292.4353210949004, 
            300.0
        ], 
        [
            418.9684617241051, 
            292.1282028135315, 
            300.0
        ], 
        [
            401.9300990035421, 
            298.4403325438804, 
            300.0
        ], 
        [
            389.6676102448562, 
            289.7592094114057, 
            300.0
        ], 
        [
            371.98748532398423, 
            288.34017546655167, 
            300.0
        ], 
        [
            578.9529208774295, 
            290.52396713317256, 
            300.0
        ], 
        [
            549.6680947250426, 
            299.22920041705163, 
            300.0
        ], 
        [
            522.5037484498898, 
            298.48486114565924, 
            300.0
        ], 
        [
            500.36914814057286, 
            299.88846669116424, 
            300.0
        ], 
        [
            499.9488575856385, 
            214.72167964845747, 
            270.0
        ], 
        [
            484.05669454696977, 
            216.59977579206196, 
            270.0
        ], 
        [
            464.3618002666982, 
            220.7277222116473, 
            270.0
        ], 
        [
            446.812710418644, 
            220.43274666275863, 
            270.0
        ], 
        [
            422.18750641770544, 
            222.9832061520346, 
            270.0
        ], 
        [
            404.14759906551114, 
            225.43727158046698, 
            270.0
        ], 
        [
            394.96727486466, 
            234.89070849101932, 
            270.0
        ], 
        [
            387.4900623311661, 
            248.70218636981505, 
            270.0
        ], 
        [
            377.76871309241017, 
            258.1561415738479, 
            270.0
        ], 
        [
            365.34665138409696, 
            269.83571800688145, 
            270.0
        ], 
        [
            352.8856283805878, 
            278.2242750868991, 
            270.0
        ], 
        [
            362.34023091589194, 
            290.1459050828388, 
            270.0
        ], 
        [
            378.26918976745424, 
            295.4088070712153, 
            270.0
        ], 
        [
            396.8738109383806, 
            295.70632400746047, 
            270.0
        ], 
        [
            415.47320701918153, 
            294.90796076905315, 
            270.0
        ], 
        [
            428.4972331374255, 
            285.96086659693583, 
            270.0
        ], 
        [
            448.6997335496917, 
            280.75069652228564, 
            270.0
        ], 
        [
            466.3018033136077, 
            285.4474324654482, 
            270.0
        ], 
        [
            481.21209365702884, 
            293.4743676042409, 
            270.0
        ], 
        [
            564.6261164892188, 
            202.23851659268016, 
            270.0
        ], 
        [
            548.1342148134606, 
            202.48079930654396, 
            270.0
        ], 
        [
            533.9100427582595, 
            207.63490947505107, 
            270.0
        ], 
        [
            580.6302507626889, 
            206.4018784074855, 
            270.0
        ], 
        [
            597.7071525514273, 
            207.80178283929456, 
            270.0
        ], 
        [
            615.858955516323, 
            206.4364922328977, 
            270.0
        ], 
        [
            632.8911768028355, 
            202.88625318264934, 
            270.0
        ], 
        [
            638.6020660740893, 
            219.30852004663927, 
            270.0
        ], 
        [
            647.5651537623806, 
            231.28328882583094, 
            270.0
        ], 
        [
            652.7119442374157, 
            246.6142334753316, 
            270.0
        ], 
        [
            646.7984535121557, 
            258.798387172223, 
            270.0
        ], 
        [
            640.9269084900484, 
            274.27799533196793, 
            270.0
        ], 
        [
            631.1082739968573, 
            282.1096119371158, 
            270.0
        ], 
        [
            611.9634118951673, 
            292.26277888298574, 
            270.0
        ], 
        [
            503.3158326798419, 
            305.79763161214316, 
            270.0
        ], 
        [
            516.1059464573374, 
            318.7979332010819, 
            270.0
        ], 
        [
            599.4650780002025, 
            305.06842136119064, 
            270.0
        ], 
        [
            577.0965749922434, 
            319.64529465052823, 
            270.0
        ], 
        [
            557.9233404999699, 
            324.8376055933983, 
            270.0
        ], 
        [
            516.8971747835966, 
            208.98234020653203, 
            270.0
        ], 
        [
            580.5011333102565, 
            317.7985615320523, 
            240.0
        ], 
        [
            620.6884576322201, 
            301.5344874283719, 
            240.0
        ], 
        [
            634.4385186171236, 
            285.15797432866907, 
            240.0
        ], 
        [
            647.7906798481356, 
            271.1627162128152, 
            240.0
        ], 
        [
            646.877758400439, 
            256.3432542444434, 
            240.0
        ], 
        [
            651.7563797413573, 
            239.0458997566427, 
            240.0
        ], 
        [
            650.144456104049, 
            222.44660553528809, 
            240.0
        ], 
        [
            641.6183234750383, 
            209.6154523881438, 
            240.0
        ], 
        [
            621.8744207526047, 
            207.68293139080856, 
            240.0
        ], 
        [
            601.8016869049683, 
            209.39461509512284, 
            240.0
        ], 
        [
            581.8088780343693, 
            211.69751750540559, 
            240.0
        ], 
        [
            563.2228777992833, 
            207.85033073588409, 
            240.0
        ], 
        [
            544.4347926253379, 
            209.42198686567724, 
            240.0
        ], 
        [
            524.296710236037, 
            216.52990608630103, 
            240.0
        ], 
        [
            506.75510811885607, 
            217.95519108940982, 
            240.0
        ], 
        [
            487.1276613525463, 
            222.60351893403185, 
            240.0
        ], 
        [
            469.160386423807, 
            225.26868023858947, 
            240.0
        ], 
        [
            447.1317440001413, 
            227.80538339637542, 
            240.0
        ], 
        [
            428.1749369448957, 
            231.77090021001936, 
            240.0
        ], 
        [
            408.46204711510165, 
            232.8519842155307, 
            240.0
        ], 
        [
            393.8413440023767, 
            239.2786813632813, 
            240.0
        ], 
        [
            380.0078168818147, 
            247.9724913578682, 
            240.0
        ], 
        [
            362.76763499708835, 
            257.03821761294375, 
            240.0
        ], 
        [
            358.4631510537354, 
            275.81701714980034, 
            240.0
        ], 
        [
            363.31548411944766, 
            293.5188182834619, 
            240.0
        ], 
        [
            375.9825948274156, 
            307.9709796250771, 
            240.0
        ], 
        [
            390.66264846036495, 
            318.6705815719007, 
            240.0
        ], 
        [
            409.04469467801954, 
            309.5845854869856, 
            240.0
        ], 
        [
            427.21743506260674, 
            296.96679426318724, 
            240.0
        ], 
        [
            479.8423227111793, 
            284.5917701447596, 
            240.0
        ], 
        [
            492.96185073807624, 
            296.72437588834975, 
            240.0
        ], 
        [
            499.4162793026601, 
            305.45793365609245, 
            240.0
        ], 
        [
            509.91678446977147, 
            321.9967689239311, 
            240.0
        ], 
        [
            563.9472461326128, 
            324.9280355079296, 
            240.0
        ], 
        [
            550.3785850582498, 
            332.308871584907, 
            240.0
        ], 
        [
            535.5990622544268, 
            338.6310042097632, 
            240.0
        ], 
        [
            519.421305242081, 
            332.7387671630188, 
            240.0
        ], 
        [
            464.76136257722953, 
            285.68874671886, 
            240.0
        ], 
        [
            443.4875228362359, 
            289.25109869724247, 
            240.0
        ], 
        [
            603.6048025536467, 
            311.121576515263, 
            240.0
        ], 
        [
            339.44664923789924, 
            277.41070930941646, 
            210.0
        ], 
        [
            342.0492584193947, 
            295.78553332606896, 
            210.0
        ], 
        [
            355.59819227056227, 
            308.2451329647672, 
            210.0
        ], 
        [
            367.2185899706259, 
            318.0066532438883, 
            210.0
        ], 
        [
            384.80856756638275, 
            323.6170695769962, 
            210.0
        ], 
        [
            399.1826383042616, 
            331.9156483171813, 
            210.0
        ], 
        [
            412.4678471418629, 
            340.9178134366464, 
            210.0
        ], 
        [
            436.62471762300925, 
            341.7590514972462, 
            210.0
        ], 
        [
            462.0180628833309, 
            343.05482840447064, 
            210.0
        ], 
        [
            475.54396801238755, 
            354.96364695245165, 
            210.0
        ], 
        [
            498.5115160511121, 
            353.63530167783824, 
            210.0
        ], 
        [
            589.9920975684372, 
            216.33937036243674, 
            210.0
        ], 
        [
            573.1404225836487, 
            209.96387718865026, 
            210.0
        ], 
        [
            557.5481538101614, 
            213.55002727269516, 
            210.0
        ], 
        [
            537.9244193559331, 
            217.59858777871148, 
            210.0
        ], 
        [
            520.7822215433571, 
            223.13355536006964, 
            210.0
        ], 
        [
            501.8646138573412, 
            227.6819524072905, 
            210.0
        ], 
        [
            481.9629799297592, 
            234.1099715345856, 
            210.0
        ], 
        [
            458.9025788662782, 
            236.17197483205985, 
            210.0
        ], 
        [
            437.44601358952906, 
            235.6935832099939, 
            210.0
        ], 
        [
            414.3142825497161, 
            235.41414513128052, 
            210.0
        ], 
        [
            391.3205914330376, 
            236.30169266120367, 
            210.0
        ], 
        [
            373.5058119126803, 
            236.59488404133958, 
            210.0
        ], 
        [
            356.7914734965818, 
            243.22317279569404, 
            210.0
        ], 
        [
            352.3407209788232, 
            259.5649896426946, 
            210.0
        ], 
        [
            631.922788846827, 
            247.16968361173917, 
            210.0
        ], 
        [
            623.2973633483849, 
            231.5316136713733, 
            210.0
        ], 
        [
            606.3478547135878, 
            223.96671301869037, 
            210.0
        ], 
        [
            627.291637549787, 
            267.2381969192717, 
            210.0
        ], 
        [
            636.0062981200027, 
            284.583605031563, 
            210.0
        ], 
        [
            619.4090997669153, 
            300.5773323620673, 
            210.0
        ], 
        [
            636.6549503055663, 
            313.98015147019487, 
            210.0
        ], 
        [
            601.2235058066382, 
            357.3405070955007, 
            210.0
        ], 
        [
            524.6649184617055, 
            349.98391493616475, 
            210.0
        ], 
        [
            550.2915430356147, 
            354.1618902345913, 
            210.0
        ], 
        [
            575.3308840318454, 
            357.83033860924616, 
            210.0
        ], 
        [
            620.3362466572294, 
            340.0837580734151, 
            210.0
        ], 
        [
            349.10307315045736, 
            300.8782288252455, 
            180.0
        ], 
        [
            356.8026803769138, 
            323.08292416301333, 
            180.0
        ], 
        [
            373.12549639179423, 
            328.75394984570914, 
            180.0
        ], 
        [
            392.4064811247963, 
            335.82730145357095, 
            180.0
        ], 
        [
            408.1322351444015, 
            340.99519267963353, 
            180.0
        ], 
        [
            426.3081518725895, 
            348.1975329798539, 
            180.0
        ], 
        [
            438.0628443964191, 
            359.5564522697442, 
            180.0
        ], 
        [
            351.3744227936545, 
            282.705374300778, 
            180.0
        ], 
        [
            359.51790510923, 
            266.7235938873122, 
            180.0
        ], 
        [
            370.8547248750541, 
            254.40771424332297, 
            180.0
        ], 
        [
            388.6178799456186, 
            250.05759148664856, 
            180.0
        ], 
        [
            406.667748672193, 
            248.58012454629716, 
            180.0
        ], 
        [
            535.6869393541717, 
            227.4297465685347, 
            180.0
        ], 
        [
            518.7801237662641, 
            231.11648459518142, 
            180.0
        ], 
        [
            505.15687315638354, 
            232.67288121895933, 
            180.0
        ], 
        [
            487.4345758867978, 
            232.94566620717546, 
            180.0
        ], 
        [
            471.557769056501, 
            241.17854981086418, 
            180.0
        ], 
        [
            463.1377412199347, 
            256.12049903120646, 
            180.0
        ], 
        [
            421.6636199392858, 
            257.3409416151802, 
            180.0
        ], 
        [
            447.58210773116343, 
            260.79451318320946, 
            180.0
        ], 
        [
            549.7720632410726, 
            224.06309007904156, 
            180.0
        ], 
        [
            569.7053255356658, 
            228.8124961159317, 
            180.0
        ], 
        [
            587.3705302853493, 
            233.82524919702007, 
            180.0
        ], 
        [
            604.3119317025275, 
            244.19090825496937, 
            180.0
        ], 
        [
            618.0487218258462, 
            257.83894407696334, 
            180.0
        ], 
        [
            622.024701313838, 
            271.98794503377474, 
            180.0
        ], 
        [
            614.2908675668807, 
            290.9166576193419, 
            180.0
        ], 
        [
            615.248714332873, 
            310.57582754645114, 
            180.0
        ], 
        [
            584.741137655202, 
            366.5715549878746, 
            180.0
        ], 
        [
            617.3864519757208, 
            330.6406666179091, 
            180.0
        ], 
        [
            448.5276324106035, 
            375.6403525042633, 
            180.0
        ], 
        [
            472.88986915423004, 
            375.8581577049781, 
            180.0
        ], 
        [
            492.06602755050557, 
            368.0243059284728, 
            180.0
        ], 
        [
            505.93990149745935, 
            364.21039868366745, 
            180.0
        ], 
        [
            527.9639524055485, 
            362.3831783552371, 
            180.0
        ], 
        [
            548.6571863664591, 
            364.73514828880104, 
            180.0
        ], 
        [
            571.1613441902208, 
            368.04749893446274, 
            180.0
        ], 
        [
            604.2171189174247, 
            345.39663917668156, 
            180.0
        ], 
        [
            594.3454941484491, 
            358.02788325202016, 
            180.0
        ], 
        [
            370.8200890003047, 
            308.95662652132955, 
            150.0
        ], 
        [
            379.4244809685413, 
            323.437968863279, 
            150.0
        ], 
        [
            396.235993907128, 
            335.8496443353105, 
            150.0
        ], 
        [
            416.22134352410706, 
            346.1943080066369, 
            150.0
        ], 
        [
            432.1772374072127, 
            348.99829809183836, 
            150.0
        ], 
        [
            447.8214338236435, 
            360.96546330396575, 
            150.0
        ], 
        [
            461.4486782915168, 
            369.1606275752681, 
            150.0
        ], 
        [
            617.7224506029424, 
            366.81501157068806, 
            150.0
        ], 
        [
            610.346064318943, 
            376.3946202423988, 
            150.0
        ], 
        [
            597.6906208640717, 
            379.99901947803914, 
            150.0
        ], 
        [
            575.0244653757777, 
            379.60138968777153, 
            150.0
        ], 
        [
            556.3551949012228, 
            379.34445696839714, 
            150.0
        ], 
        [
            534.1675806453626, 
            377.19173691480876, 
            150.0
        ], 
        [
            513.54865828198, 
            380.0029682731522, 
            150.0
        ], 
        [
            497.3905284699861, 
            388.58898423655364, 
            150.0
        ], 
        [
            478.19676959706703, 
            381.0000026553429, 
            150.0
        ], 
        [
            520.7734227082796, 
            242.48186251505876, 
            150.0
        ], 
        [
            500.52471744165047, 
            244.7914981792045, 
            150.0
        ], 
        [
            485.8164018773037, 
            258.6063718481138, 
            150.0
        ], 
        [
            470.92826998015846, 
            276.4439795393979, 
            150.0
        ], 
        [
            447.29074782304156, 
            277.38691434214536, 
            150.0
        ], 
        [
            431.8196368837962, 
            268.1968420761456, 
            150.0
        ], 
        [
            415.3309576044752, 
            266.6124942166613, 
            150.0
        ], 
        [
            399.21453461323546, 
            269.0186458691817, 
            150.0
        ], 
        [
            383.22278405036616, 
            272.56006770510805, 
            150.0
        ], 
        [
            366.942369005198, 
            272.6835611118811, 
            150.0
        ], 
        [
            364.87605725145886, 
            293.01091131402836, 
            150.0
        ], 
        [
            542.2756713227898, 
            241.18848487917546, 
            150.0
        ], 
        [
            566.4389333562968, 
            244.23278506649035, 
            150.0
        ], 
        [
            584.8149750222021, 
            238.6601296325233, 
            150.0
        ], 
        [
            605.9116155086722, 
            245.54556099487866, 
            150.0
        ], 
        [
            621.6184413556822, 
            256.52546427172615, 
            150.0
        ], 
        [
            634.0523948512651, 
            269.60767620021386, 
            150.0
        ], 
        [
            631.9278624862069, 
            286.6206365336744, 
            150.0
        ], 
        [
            628.1120438580481, 
            303.785909638008, 
            150.0
        ], 
        [
            632.2601115081193, 
            317.1231179550273, 
            150.0
        ], 
        [
            632.1287240523645, 
            329.647765256457, 
            150.0
        ], 
        [
            626.6685616576452, 
            344.96605268645976, 
            150.0
        ], 
        [
            621.570555165337, 
            356.7115585534816, 
            150.0
        ], 
        [
            382.663382085655, 
            304.4481861720599, 
            120.0
        ], 
        [
            378.1408642048251, 
            321.9817715764133, 
            120.0
        ], 
        [
            398.2520555044651, 
            323.1365511903351, 
            120.0
        ], 
        [
            405.5145468229525, 
            335.92973953552394, 
            120.0
        ], 
        [
            419.83029871753496, 
            340.57016644543364, 
            120.0
        ], 
        [
            434.8507583103856, 
            346.8335239533724, 
            120.0
        ], 
        [
            462.08570845940636, 
            346.08853071418696, 
            120.0
        ], 
        [
            487.03406196425357, 
            350.70131649147083, 
            120.0
        ], 
        [
            551.1308700583959, 
            354.42449149438175, 
            120.0
        ], 
        [
            578.5880275168655, 
            346.86591020292394, 
            120.0
        ], 
        [
            592.5265759617082, 
            331.1073467635207, 
            120.0
        ], 
        [
            612.9207708179658, 
            318.016970383106, 
            120.0
        ], 
        [
            620.3103124287743, 
            304.05662571064977, 
            120.0
        ], 
        [
            618.7264032941939, 
            276.1713669589069, 
            120.0
        ], 
        [
            614.9883931443998, 
            257.06866775995286, 
            120.0
        ], 
        [
            590.7765201638753, 
            258.6639872500426, 
            120.0
        ], 
        [
            575.0195000468198, 
            252.40997305052815, 
            120.0
        ], 
        [
            552.078168708952, 
            255.0183839700709, 
            120.0
        ], 
        [
            530.2945672738881, 
            257.4951619309219, 
            120.0
        ], 
        [
            503.9146496340479, 
            265.07714216821637, 
            120.0
        ], 
        [
            486.0822221199054, 
            273.3939872577108, 
            120.0
        ], 
        [
            468.143064844373, 
            279.9960988958313, 
            120.0
        ], 
        [
            449.6363554811693, 
            286.0828813683985, 
            120.0
        ], 
        [
            428.5078201758926, 
            287.3288824029237, 
            120.0
        ], 
        [
            409.0181054629212, 
            281.5527221680543, 
            120.0
        ], 
        [
            391.7031309775774, 
            281.2350999836426, 
            120.0
        ], 
        [
            378.5831317743286, 
            290.1240322977586, 
            120.0
        ], 
        [
            523.8375078371865, 
            356.28682476514075, 
            120.0
        ], 
        [
            401.3932201190893, 
            317.91166676670844, 
            90.0
        ], 
        [
            414.7978433512608, 
            332.1613535554004, 
            90.0
        ], 
        [
            438.73307581734883, 
            340.7370994305287, 
            90.0
        ], 
        [
            468.3482096986638, 
            338.0108890331745, 
            90.0
        ], 
        [
            494.73551534123527, 
            335.644275811641, 
            90.0
        ], 
        [
            524.0677601304751, 
            334.64278328498335, 
            90.0
        ], 
        [
            550.1509586524276, 
            334.0060416867069, 
            90.0
        ], 
        [
            575.1762642454536, 
            333.4905384318106, 
            90.0
        ], 
        [
            594.1035836977169, 
            311.6026602969192, 
            90.0
        ], 
        [
            603.6623280578664, 
            290.69007167665006, 
            90.0
        ], 
        [
            614.2420404284737, 
            275.29082181760873, 
            90.0
        ], 
        [
            594.6421879162718, 
            268.4026948470797, 
            90.0
        ], 
        [
            566.3992119540213, 
            265.34572735943357, 
            90.0
        ], 
        [
            545.8522519843144, 
            267.109263605436, 
            90.0
        ], 
        [
            527.0430029826987, 
            276.05793263095507, 
            90.0
        ], 
        [
            508.3155288386969, 
            278.7458316902197, 
            90.0
        ], 
        [
            484.8791811848899, 
            277.9992638808201, 
            90.0
        ], 
        [
            465.37519828124834, 
            277.37796204633526, 
            90.0
        ], 
        [
            453.0513967387071, 
            288.9628783087593, 
            90.0
        ], 
        [
            434.88214965947475, 
            296.6668156744262, 
            90.0
        ], 
        [
            412.6270174669809, 
            295.2271614542359, 
            90.0
        ], 
        [
            405.3651112995098, 
            306.7639063596903, 
            90.0
        ], 
        [
            424.87205563075713, 
            340.02990556934446, 
            90.0
        ], 
        [
            455.6502545370527, 
            338.2962323208959, 
            90.0
        ], 
        [
            479.77049213447185, 
            335.61718080260334, 
            90.0
        ], 
        [
            537.9300786383003, 
            334.2329092643856, 
            90.0
        ], 
        [
            509.3435080619084, 
            331.2054549578172, 
            90.0
        ], 
        [
            504.5732626411254, 
            353.30346816643794, 
            120.0
        ], 
        [
            476.8019640754355, 
            287.6151398815323, 
            60.0
        ], 
        [
            462.83684959039994, 
            285.2248366167378, 
            60.0
        ], 
        [
            451.8490130882667, 
            290.4760962546753, 
            60.0
        ], 
        [
            444.99213049443415, 
            303.78751681191363, 
            60.0
        ], 
        [
            430.4175761370601, 
            311.13918634254355, 
            60.0
        ], 
        [
            438.94425285537477, 
            330.0256437743175, 
            60.0
        ], 
        [
            452.2052848870444, 
            331.3483598649773, 
            60.0
        ], 
        [
            466.3215047546803, 
            330.30776522077963, 
            60.0
        ], 
        [
            484.77379140387234, 
            328.77382249639106, 
            60.0
        ], 
        [
            498.2678722606976, 
            332.3384881159085, 
            60.0
        ], 
        [
            514.8425950300489, 
            333.8528191608176, 
            60.0
        ], 
        [
            528.5993481175947, 
            328.8885942507858, 
            60.0
        ], 
        [
            546.4899549986069, 
            326.85372146011343, 
            60.0
        ], 
        [
            560.1149902253674, 
            320.1970882560687, 
            60.0
        ], 
        [
            573.7045521590592, 
            312.9697787297516, 
            60.0
        ], 
        [
            582.4901433363143, 
            301.1613859116716, 
            60.0
        ], 
        [
            591.4489594576179, 
            291.0230844102256, 
            60.0
        ], 
        [
            583.5848005651901, 
            283.36673669591573, 
            60.0
        ], 
        [
            570.1983569717439, 
            281.4752028940594, 
            60.0
        ], 
        [
            556.6964265237076, 
            284.1633745747213, 
            60.0
        ], 
        [
            547.1282284818132, 
            276.1252485749127, 
            60.0
        ], 
        [
            535.3733596438401, 
            279.7579079463775, 
            60.0
        ], 
        [
            525.098711416125, 
            287.21240403405545, 
            60.0
        ], 
        [
            513.742282110119, 
            289.0834943739437, 
            60.0
        ], 
        [
            499.5095102350591, 
            289.5737152473803, 
            60.0
        ], 
        [
            487.99618996367593, 
            289.75276104339605, 
            60.0
        ], 
        [
            433.5730677619543, 
            320.4314598340005, 
            60.0
        ], 
        [
            459.06539978457664, 
            325.1620392330176, 
            30.0
        ], 
        [
            475.3249455262643, 
            324.9940510325283, 
            30.0
        ], 
        [
            495.1271666361655, 
            322.1720729576599, 
            30.0
        ], 
        [
            510.85691131658643, 
            316.43576697503636, 
            30.0
        ], 
        [
            536.0743037086985, 
            307.355013545307, 
            30.0
        ], 
        [
            558.2117946467368, 
            299.74439191290685, 
            30.0
        ], 
        [
            527.1433199166488, 
            310.6311587369911, 
            30.0
        ], 
        [
            524.4956527045865, 
            294.5665340277443, 
            30.0
        ], 
        [
            540.9798233980335, 
            290.41649319092323, 
            30.0
        ], 
        [
            556.2422455586301, 
            284.7067792859591, 
            30.0
        ], 
        [
            567.4144091765305, 
            281.726999544592, 
            30.0
        ], 
        [
            571.1775221295302, 
            286.9552065935694, 
            30.0
        ], 
        [
            575.6695469000135, 
            300.0063662570992, 
            30.0
        ], 
        [
            512.0038598814128, 
            294.8678660525626, 
            30.0
        ], 
        [
            500.702647815657, 
            296.1629710967683, 
            30.0
        ], 
        [
            489.6845894337276, 
            300.24888493319384, 
            30.0
        ], 
        [
            478.87698398653504, 
            300.9223873125312, 
            30.0
        ], 
        [
            469.96692723424206, 
            304.2001582461753, 
            30.0
        ], 
        [
            462.1666411178406, 
            312.98609545297484, 
            30.0
        ], 
        [
            489.15888054439495, 
            321.20140257948805, 
            0.0
        ], 
        [
            511.6680163166819, 
            327.6569461095207, 
            0.0
        ], 
        [
            535.2702431411532, 
            325.0615475389674, 
            0.0
        ], 
        [
            561.7459087033544, 
            320.54244411147664, 
            0.0
        ], 
        [
            566.0931038966909, 
            309.0941333112692, 
            0.0
        ], 
        [
            547.4587945499115, 
            297.6261617289184, 
            0.0
        ], 
        [
            535.212019978723, 
            298.96447704832207, 
            0.0
        ], 
        [
            524.2984531281086, 
            301.060017972134, 
            0.0
        ], 
        [
            510.8253368220102, 
            302.9167991255117, 
            0.0
        ], 
        [
            496.4748826984407, 
            310.399874792215, 
            0.0
        ], 
        [
            547.954751269887, 
            324.1258795741331, 
            0.0
        ], 
        [
            558.3573755995786, 
            301.52988492350846, 
            0.0
        ], 
        [
            523.888604642164, 
            326.3284176805112, 
            0.0
        ], 
        [
            500.5445669039377, 
            326.34166080898285, 
            0.0
        ]
